smiles,pred,label
Oc1ccc2c(c1)-c1ccc3ccc4cccc5cc-2c1c3c45,0.7685791,1.0
Oc1ccc2c(c1)-c1cc3cccc4ccc5ccc-2c1c5c43,0.7685791,1.0
c1ccc2c(c1)-c1ccc3ccc4cccc5cc-2c1c3c45,0.85421586,1.0
Oc1c2c3c(ccc4ccc5cccc1c5c43)-c1ccccc1-2,0.90914756,0.0
Oc1cc2ccc3c4c(cc5cccc1c5c24)-c1ccccc1-3,0.77601635,0.0
O=[N+]([O-])c1cccc2c1-c1ccc3ccc4cccc5cc-2c1c3c45,0.93079805,1.0
Oc1cccc2c1-c1cc3cccc4ccc5ccc-2c1c5c43,0.8720177,1.0
COc1cc(O)c2c(=O)c3c(O[C@@H]4O[C@H](CO)[C@@H](O)[C@H](O)[C@H]4O)ccc(O)c3oc2c1,0.35705167,1.0
O=c1c2c(O)cc(O)cc2oc2c(O)ccc(O[C@@H]3O[C@H](CO)[C@@H](O)[C@H](O)[C@H]3O)c12,0.32818285,1.0
COc1cc(OC2OC(CO)C(O)C(O)C2O)c2c(=O)c3c(O)ccc(O)c3oc2c1,0.35705164,1.0
O=c1c2c(OC3OC(CO)C(O)C(O)C3O)cc(O)cc2oc2c(O)ccc(O)c12,0.32818288,1.0
O=c1c2c(O[C@@H]3O[C@H](CO)[C@@H](O)[C@H](O)[C@H]3O)cc(O)cc2oc2c(O)ccc(O)c12,0.32818288,1.0
COc1cc(O[C@@H]2O[C@H](CO)[C@@H](O)[C@H](O)[C@H]2O)c2c(=O)c3c(O)ccc(O)c3oc2c1,0.35705164,1.0
C(=NC1CCCCC1)=NC1CCCCC1,0.13609235,0.0
Nc1c2ncn(Cc3ccccc3)c2nc[n+]1[O-],0.60742384,1.0
NC(=O)OCC1C(=NC(=O)C(NOCC(=O)O)c2csc(N)n2)C(=O)N1S(=O)(=O)O,0.7040843,0.0
COc1ccc(Cc2nccc3cc(OC)c(OC)cc23)cc1OC,0.44596183,0.0
O=C(O)C1OC(Oc2ccc3cc4ccc5cccc6ccc(c3c2)c4c56)C(O)C(O)C1O,0.70374054,0.0
COC(=O)CC1Cc2cc3cc(OC)c(-c4c(OC)cc5cc6c(c(O)c5c4O)C(=O)OC(CC(=O)OC)C6)c(O)c3c(O)c2C(=O)O1,0.72963375,0.0
[O-][n+]1cc2ncccc2cn1,0.30980435,0.0
c1cc[n+]2c(c1)-c1cccc[n+]1CC2,0.34068096,0.0
c1ccc2c(c1)OCCOCCOCCOCCO2,0.5047903,0.0
COC(=O)C1=C(C)N=C(C)C(C(=O)OC)C1c1ccccc1[N+]([O-])O,0.44657168,0.0
COC(=O)C1=C(C)N=C(COC(N)=O)C(C(=O)OC(C)C)C1c1cccc(Cl)c1Cl,0.5296772,0.0
COC(=O)C1=C(C)N=C(C)C(C(=O)OC)C1c1ccccc1[N+](=O)[O-],0.4208734,0.0
COC(=O)C1=C(C)N=C(COC(N)=O)C(C(=O)OC(C)C)[C@H]1c1cccc(Cl)c1Cl,0.5296772,0.0
COC(=O)C1=C(C)N=C(C)C(C(=O)OCC(C)=O)[C@@H]1c1ccccc1[N+](=O)[O-],0.326971,0.0
COC(=O)C1=C(C)N=C(C)C(C(=O)OCC(C)=O)C1c1ccccc1[N+](=O)[O-],0.326971,0.0
COc1cc(=O)c2c(O)c3c(O)oc(C)cc3c(OC)c2c1,0.55658346,1.0
C[C@]12CC[C@H](OC(=O)Cc3ccc(N(CCCl)CCCl)cc3)C[C@@H]1CC[C@@H]1[C@@H]2CC[C@]2(C)NC(=O)CC[C@@H]12,0.3707281,1.0
C[C@@]12CC[C@H](OC(=O)Cc3ccc(N(CCCl)CCCl)cc3)C[C@@H]1CC[C@@H]1[C@@H]2CC[C@@]2(C)NC(=O)CC[C@@H]12,0.3707281,1.0
CC12CCC3C(CCC4CC(OC(=O)Cc5ccc(N(CCCl)CCCl)cc5)CCC43C)C1CCC(=O)N2,0.3707282,1.0
CC1=c2c(C)c(O)c(C(=O)O)c(O)c2=CO[C@@H]1C,0.18331668,0.0
CC1=c2c(C)c(O)c(C(=O)O)c(O)c2=COC1C,0.18331668,0.0
C1=CC2=C3OC3=C3c4ccc5ccccc5c4CC(=C1)C23,0.88696563,1.0
Clc1cccc(Cl)c1NC1=NCCN1,0.15485635,0.0
CCC1(c2ccccc2)C(=O)NCNC1=O,0.18659934,1.0
Nc1c2ncn(C(c3ccccc3)c3ccccc3)c2nc[n+]1[O-],0.33732486,1.0
Cc1cc2nc3c(=O)[nH]c(=O)nc-3n(C[C@H](O)[C@H](O)[C@H](O)CO)c2cc1C,0.5934512,0.0
Cc1cc2nc3c(=O)[nH]c(=O)nc-3n(C)c2cc1C,0.57349217,1.0
O=[N+]([O-])c1ccc2sc3ccccc3c2c1,0.91003036,1.0
O=[N+]([O-])c1ccc2c(c1)sc1ccccc12,0.9353607,1.0
Cn1cnc2c(N)[n+](=O)[cH-]nc21,0.82721436,1.0
CC(C)(C)CC(C)(C)c1ccc(OCCOC[C-][N+](C)(C)Cc2ccccc2)cc1,0.17163137,0.0
Cn1c(N)nc2nc3cccnc3cc21,0.73019975,0.0
Nc1ccn(C2C=C(CO)C(O)C2O)c(=O)n1,0.42209727,0.0
Nc1ccn([C@@H]2C=C(CO)[C@@H](O)[C@H]2O)c(=O)n1,0.42209727,0.0
c1ccc(-c2nc(-c3ccccc3)c(-c3ccccc3)[nH]2)cc1,0.33268732,1.0
COc1ccc(-c2nc(-c3ccc(C)cc3)c(-c3ccc(C)cc3)[nH]2)cc1OC,0.45436636,1.0
COc1ccc(-c2nc(-c3ccc(C)cc3C)[nH]c2-c2ccc(OC)cc2)cc1,0.47420952,1.0
Cc1ccc(-c2nc(-c3ccc(C)cc3C)[nH]c2-c2ccc(C)cc2)cc1,0.32955286,1.0
COc1ccc(-c2nc(-c3ccccc3)c(-c3ccccc3)[nH]2)cc1,0.36949408,1.0
COc1cc(-c2nc(-c3ccccc3)c(-c3ccccc3)[nH]2)ccc1O,0.35268408,1.0
COc1ccc(-c2nc(-c3ccc(OC)cc3)c(-c3ccc(OC)cc3)[nH]2)cc1,0.46111855,1.0
COc1ccc(-c2nc(-c3ccccc3)c(-c3ccccc3)[nH]2)cc1OC,0.37530154,1.0
c1ccc2c(c1)-c1cc3c(cc1C1NC21)-c1ccccc1C1NC31,0.88241696,1.0
O=C1NC2(CCCCC2)C(=O)N1CCN1CC1,0.25943556,1.0
CC(=O)Nc1nc(NC(C)=O)nc(-c2ccc([N+]([O-])O)o2)n1,0.81723773,1.0
Nc1nc(N)nc(-c2ccc([N+]([O-])O)o2)n1,0.7781883,1.0
CC(=O)Nc1nc(NC(C)=O)nc(-c2ccc([N+](=O)[O-])o2)n1,0.7763371,1.0
Nc1nc(N)nc(-c2ccc([N+](=O)[O-])o2)n1,0.732527,1.0
Nc1nc(=NO)c2ncn(C3OC(CO)C(O)C3O)c2[nH]1,0.39902645,1.0
CC[C@H]1CN2CCc3cc(OC)c(OC)cc3[C@H]2C[C@H]1C[C@H]1NCCc2cc(OC)c(OC)cc21,0.34375215,0.0
CC[C@H]1CN2CCc3cc(OC)c(OC)cc3[C@@H]2C[C@@H]1C[C@H]1NCCc2cc(OC)c(OC)cc21,0.34375215,0.0
CCC1CN2CCc3cc(OC)c(OC)cc3C2CC1CC1NCCc2cc(OC)c(OC)cc21,0.34375215,0.0
O=C1OCCN1P(=O)(Cl)N1CCOC1=O,0.8062976,1.0
Nc1c2[nH]cnc2nc[n+]1[O-],0.48951858,1.0
CC(NC(=O)Cc1cnc(C)nc1N)=C(CCOC(=O)c1ccccc1)SC(=O)c1ccccc1,0.19878486,0.0
CN1CCN(c2cc3c(cc2F)n2c(=O)n(O)c(=O)cc2n3C2CC2)CC1,0.6414262,1.0
CN1CCN(c2cc3c(cc2F)n2c(=O)[nH]c(=O)cc2n3C2CC2)CC1,0.61452574,1.0
O[C@H]1C=C2c3cc4ccccc4cc3-c3cccc(c32)[C@@H]1O,0.84618914,1.0
OC1C=C2c3cc4ccccc4cc3-c3cccc(c32)C1O,0.84618914,1.0
c1cc(OC[C@H]2CO2)cc(OC[C@H]2CO2)c1,0.92334867,1.0
c1cc(OCC2CO2)cc(OCC2CO2)c1,0.92334867,1.0
CC=Cc1cc2c(c(=O)o1)C(=O)C(O)C(C)O2,0.57943314,0.0
C/C=C/c1cc2c(c(=O)o1)C(=O)C(O)C(C)O2,0.64487374,0.0
O[C@@H]1C=CC=C[C@H]1O,0.30978167,1.0
OC1C=CC=CC1O,0.30978167,1.0
S=c1scc(-c2ccccc2)s1,0.48557067,0.0
O=[N+]([O-])c1ccc(-n2nc(-c3ccccc3)n[n+]2-c2ccc(I)cc2)cc1,0.49566495,0.0
O=[N+]([O-])c1ccc(-[n+]2nc(-c3ccccc3)nn2-c2ccc(I)cc2)cc1,0.49566495,0.0
CC(=O)c1ccc(S(=O)(=O)NC(=O)NC2CCCCC2)cc1,0.072662726,0.0
O=S1(=O)CCCC1,0.24303699,0.0
c1csc(Cc2ccccc2OCC2CO2)c1,0.81794685,1.0
COc1cc2c(cc1O)CC1c3c(cc(OC)c(O)c3-2)CC[N+]1(C)C,0.49182722,0.0
Cc1oc(=O)oc1CN1CCN(c2cc3c(cc2F)c(=O)c(C(=O)O)c2n3C(C)S2)CC1,0.81780946,0.0
CCOC(=O)C[n+]1csc2ccccc21,0.20692198,0.0
c1cc2sncc2cc1OCC1CO1,0.9255028,1.0
c1cc2sncc2cc1OC[C@H]1CO1,0.9255028,1.0
COc1nsc2ccc(OCC3CO3)cc12,0.828673,1.0
C=CCN(CC=C)C1c2ccccc2-c2ccccc2C1N1C2c3ccccc3-c3ccccc3C21,0.5448355,0.0
COc1ccc(-c2oc3ccccc3c(=O)c2N)cc1N,0.7580945,1.0
O=c1c(O)c(-c2ccc(O)c(O)c2)oc2cc(O)cc(O)c12,0.4321016,1.0
O=c1cc(-c2ccc(O)cc2)oc2cc(O)cc(O)c12,0.26942065,0.0
O=c1cc(-c2ccc(O)c(O)c2)oc2cc(O)cc(O)c12,0.39611697,0.0
CCOC(=O)COc1ccc2c(=O)cc(-c3ccccc3)oc2c1,0.33040175,0.0
COc1cc(O)c2c(=O)c(O)c(-c3ccc(O)c(O)c3)oc2c1,0.44494158,1.0
O=c1c(O)c(-c2ccccc2)oc2cc(O)cc(O)c12,0.15633121,0.0
O=c1c(O)c(-c2ccc(O)cc2)oc2cc(O)cc(O)c12,0.24147436,1.0
COc1c(O)cc2oc(-c3ccc(O)cc3)cc(=O)c2c1O,0.34297463,0.0
COc1ccc(-c2oc3ccccc3c(=O)c2[N+](=O)[O-])cc1[N+](=O)[O-],0.7544392,1.0
COc1cc(-c2oc3cc(O)cc(O)c3c(=O)c2O)ccc1O,0.46603858,0.0
O=c1c(O)c(-c2ccc(OCCO)c(OCCO)c2)oc2cc(OCCO)cc(O)c12,0.33858135,0.0
COc1cc2oc(-c3ccc(O)cc3)c(O)c(=O)c2cc1OC,0.4288144,0.0
O=[N+]([O-])c1ccc(Oc2ccc(Cl)cc2Cl)cc1,0.45296347,1.0
O=[N+]([O-])c1ccc(Oc2ccccc2)cc1,0.45764804,1.0
Nc1ccc(Oc2ccc([N+](=O)[O-])cc2)cc1,0.84805995,1.0
CC(=O)Nc1ccc(Oc2ccc(N)cc2)cc1,0.77115035,1.0
Brc1ccc(Oc2cc(Br)c(Br)cc2Br)c(Br)c1,0.32464197,0.0
O=CNc1ccc(Oc2ccc(Cl)cc2Cl)cc1,0.42773575,1.0
CC(=O)Nc1ccc(Oc2ccc([N+](=O)[O-])cc2)cc1,0.8025632,1.0
COc1cc(Oc2ccc(Cl)cc2Cl)cc([N+](=O)[O-])c1,0.4763876,0.0
CC(=O)Nc1ccc(Oc2ccc(N=O)cc2)cc1,0.78515136,1.0
CC(=O)Nc1ccc(Oc2ccccc2)cc1,0.4962063,1.0
CC(=O)Nc1ccc(Oc2ccc(N(OC(C)=O)C(C)=O)cc2)cc1,0.6612169,1.0
Nc1ccc(Oc2ccc(N)cc2)cc1,0.7507821,1.0
COC(=O)c1cc(Oc2ccc(Cl)cc2Cl)ccc1[N+](=O)[O-],0.47294307,1.0
CC(=O)N(O)c1ccc(Oc2ccc(Cl)cc2Cl)cc1,0.47868183,1.0
[O-][N+](O)c1ccc(Oc2ccc(Cl)cc2Cl)cc1,0.49527165,1.0
COc1cc(Oc2ccc(Cl)cc2Cl)ccc1[N+](=O)[O-],0.45446828,0.0
CC(=O)N(O)c1ccc(Oc2ccc(Cl)cc2)cc1,0.4689635,1.0
CC(=O)Nc1ccc(Oc2ccc(NC(C)=O)cc2)cc1,0.6651545,0.0
O=Nc1ccc(Oc2ccccc2)cc1,0.37749508,1.0
Nc1ccc(Oc2c(Cl)cc(Cl)cc2Cl)cc1,0.6000465,1.0
Nc1ccc(Oc2ccccc2)cc1,0.4612074,1.0
Nc1ccc(Oc2ccc(N)c(N)c2)cc1,0.8553703,1.0
Nc1ccc(Oc2ccc(N)c(Cl)c2)cc1Cl,0.72885907,1.0
O=CNc1ccc(Oc2c(Cl)cc(Cl)cc2Cl)cc1,0.6454131,1.0
Nc1ccc(Oc2ccc(Cl)cc2Cl)cc1,0.41908222,1.0
ONc1ccc(Oc2ccccc2)cc1,0.39951155,1.0
O=CNc1ccc(Oc2ccc(Cl)cc2)cc1,0.3563271,1.0
CC(=O)Nc1ccc(Oc2ccc(N(O)C(C)=O)cc2)cc1,0.8064651,1.0
O=[N+]([O-])c1ccc(Oc2ccc(N=C=S)cc2)cc1,0.86723876,1.0
c1ccc(Oc2ccccc2)cc1,0.26173383,0.0
CC(=O)Nc1ccc(Oc2ccc(NO)cc2)cc1,0.81260014,1.0
CC(=O)Nc1ccc(Oc2ccc(N(O)C=O)cc2)cc1,0.6909223,1.0
CC(=O)N(O)c1ccc(Oc2ccccc2)cc1,0.4871793,1.0
O=[N+]([O-])c1ccc(Oc2c(Cl)cc(Cl)cc2Cl)cc1,0.62517637,0.0
O=CN(O)c1ccc(Oc2ccc(Cl)cc2)cc1,0.21911429,1.0
O=C1c2cc([N+](=O)[O-])ccc2-c2ccc([N+](=O)[O-])cc21,0.92310494,1.0
O=C1c2ccccc2-c2cc([N+](=O)[O-])ccc21,0.9250945,1.0
O=C1c2cc([N+](=O)[O-])cc([N+](=O)[O-])c2-c2c1cc([N+](=O)[O-])cc2[N+](=O)[O-],0.8913501,1.0
O=C1c2ccccc2-c2ccccc21,0.67710215,0.0
CCN(CC)CCOc1ccc2c(c1)C(=O)c1cc(OCCN(CC)CC)ccc1-2,0.5393794,1.0
O=C1c2cc([N+]([O-])O)ccc2-c2ccc([N+]([O-])O)cc21,0.91520274,1.0
O=C1c2cc([N+](=O)[O-])ccc2-c2c1cc([N+](=O)[O-])cc2[N+](=O)[O-],0.9370057,1.0
O=C1c2ccccc2-c2ccc([N+](=O)[O-])cc21,0.9272262,1.0
c1ccc(-c2ccc(OCC3CO3)cc2)cc1,0.7678866,1.0
Nc1ccc(S(=O)(=O)Nc2nccs2)cc1,0.21801843,0.0
ON=C1CCCCC1,0.30677804,1.0
O=[N+]([O-])c1ccc2c3c4c(cccc4c4ccccc4c13)C(O)C2O,0.90258425,1.0
O=[N+]([O-])c1ccc2c3c4c(cccc4c4ccccc4c13)[C@H](O)[C@H]2O,0.90258425,1.0
CC(Cc1ccc(O)c(O)c1)C(C)Cc1ccc(O)c(O)c1,0.28127736,0.0
COC1=CC(=O)C[C@@H](C)[C@]12Oc1c(Cl)c(OC)cc(OC)c1C2=O,0.4489607,0.0
COC1=CC(=O)CC(C)C12Oc1c(Cl)c(OC)cc(OC)c1C2=O,0.4489607,0.0
COC1=CC(=O)C[C@@H](C)[C@@]12Oc1c(Cl)c(OC)cc(OC)c1C2=O,0.4489607,0.0
C1CC2OC2CCC2OC12,0.35478112,0.0
C1COCCOCCOCCOCCOCCOCCO1,0.3802082,0.0
COc1cc(O)c2c(c1)C1=CC(O)C(O)CC1(C)OC2=O,0.5367033,0.0
NCC1OC(OC2C(N)CC(N)C(O)C2O)C(N)C(O)C1O,0.2563152,1.0
CCN(CC)CC#CC(C)(C)OC(=O)C(O)(c1ccccc1)C1CCCCC1,0.1333865,0.0
CCNCC#CC(C)(C)OC(=O)C(O)(c1ccccc1)C1CCCCC1,0.09798205,0.0
CCN(CC)CC#CCOC(=O)C(O)(c1ccccc1)C1CCCCC1,0.1785847,0.0
CCCCCCC(=O)OCCN1CCN(CCCN2c3ccccc3Sc3ccc(C(F)(F)F)cc32)CC1,0.19959001,0.0
OCCN1CCN(CCCN2c3ccccc3Sc3ccc(C(F)(F)F)cc32)CC1,0.29521397,0.0
CCCCCCCCCC(=O)OCCN1CCN(CCCN2c3ccccc3Sc3ccc(C(F)(F)F)cc32)CC1,0.19249795,0.0
Cc1ccc(NCC2(O)OCC(O)C(O)C2O)cc1,0.18613327,0.0
Cc1ccc(N(CC2(O)OCC(O)C(O)C2O)N=O)cc1,0.3195312,1.0
CC=CC(=O)OC1CC2OC3=CC(C)C(=O)CC3(C)C1(C)C21CO1,0.39862254,0.0
CCC1(O)CC(OC2CC(N(C)C)C(OC3CC(O)C(O)C(C)O3)C(C)O2)c2c(cc3c(O)c4c(c(O)c3c2O)C(=O)C=CC4=O)C1C(=O)OC,0.7645046,1.0
NC1NC=CS1,0.31324422,1.0
Nc1ccc(Oc2ccc(Oc3ccc(N)cc3)cc2)cc1,0.7106633,1.0
O=C1OC(CO)C(O)C(O)C1O,0.33996612,0.0
Cn1cnc([N+](=O)[O-])c1-c1ccccc1,0.66602725,0.0
Cn1cnc(N=O)c1-c1ccccc1,0.36666465,1.0
[N-]=[N+]=C1C=CC(=O)C=C1,0.62472326,1.0
C[N+]1=CC=C(c2ccccc2)CC1,0.241877,1.0
O=C(O)c1cc(N=Nc2ccc(-c3ccc(NN=c4c(=O)ccc(=NNc5cc(S(=O)(=O)O)ccc5O)c4=O)cc3)cc2)ccc1O,0.5738612,1.0
CC(=O)C1(O)C=C2C(=O)c3c(c(O)c4c(O)cccc4c3O)C(=O)C2C(O)C1,0.816813,1.0
CC(=O)C1(N)C=C2C(=O)c3c(c(O)c4ccccc4c3O)C(=O)C2C(O)C1,0.82850987,1.0
c1ccc2cc3c(cc4c5c(cccc53)C3OC43)cc2c1,0.87300736,1.0
Cc1cc(O)c2c(c1)C(=O)C13C4C(=O)C56C(=O)c7c(O)cc(C)cc7C(=O)C57C(C(=O)C16C2=O)C(C)C3C7C4C,0.90603673,0.0
O=c1c2[nH]c3ccccc3c2nnn1/N=C/c1ccc(-c2ccccc2)cc1,0.45790574,0.0
Oc1ccc(C2(c3ccc(O)cc3)CCCCC2)cc1,0.13175856,0.0
O=[N+]([O-])c1ccc2c(c1)CCc1c-2ccc2c1CCCC2,0.68080735,1.0
c1ccc2c(c1)Oc1ccccc1S2,0.3954789,0.0
c1ccc2c(c1)ccc1c2ccc2ccc3ccccc3c21,0.8450181,1.0
OCc1ccc(-c2nccc3c2[nH]c2ccccc23)o1,0.52654135,1.0
COc1c2cc3c(cc2nc2occc12)OCO3,0.57726884,1.0
COc1c2ccoc2nc2c(O)c3c(c(CC=C(C)C)c12)OCO3,0.47308528,0.0
COc1c2ccoc2nc2c(OC)c3c(cc12)OCO3,0.62168396,1.0
CCCOc1ccc(C2=c3cc4c(cc3OC2=O)=C(c2ccccc2)C(=O)O4)cc1,0.26736706,1.0
O=CNNc1ccc(NS(=O)(=O)c2cccc([N+](=O)[O-])c2)cc1,0.6715528,1.0
c1ccc2[nH]c(-c3cscn3)nc2c1,0.6535444,1.0
O=c1c2ccccc2c(=O)c2c1ccc1c2[nH]c2c3c(=O)c4ccccc4c(=O)c3c3[nH]c4c(ccc5c(=O)c6ccccc6c(=O)c54)c3c12,0.8419324,0.0
C=c1cc(O)c2[nH]c(C)c3c4ccccc4nc3c2c1=O,0.39644328,1.0
O=C1C(O)Cc2cc3ccc([N+](=O)[O-])cc3cc2C1O,0.8309501,0.0
O=C1C(O)Cc2cc3cc([N+](=O)[O-])ccc3cc2C1O,0.8309501,0.0
c1ccc([C@H]2N[C@H]2c2ccccc2)cc1,0.20535463,1.0
c1ccc(C2NC2c2ccccc2)cc1,0.20535463,1.0
c1ccc([C@H]2N[C@@H]2c2ccccc2)cc1,0.20535463,1.0
O=C1c2ccccc2-c2ccc(Oc3ccc(S(=O)(=O)O)cc3)c3cccc1c23,0.65411425,1.0
CC(=O)C1=CCC2C3=CCC4=CC(O)C(O)CC4(C)C3CC(O)C12C,0.47712204,0.0
c1cc(-c2cc3ccc(C4=NCCN4)cc3[nH]2)ccc1C1=NCCN1,0.429786,0.0
O=[N+]([O-])c1cc2c(ccc3ccccc32)c2c1C=C[C@@H](O)[C@@H]2O,0.9230822,1.0
CC1=CCCc2c1cc(C)c1c2ccc2ccccc21,0.8202415,1.0
O=[N+]([O-])c1cc2c(ccc3ccccc32)c2c1C=C[C@H](O)[C@H]2O,0.9230822,1.0
OC1C=Cc2ccc3c(ccc4ccccc43)c2C1O,0.8172559,1.0
O[C@@H]1C=Cc2ccc3c(ccc4ccccc43)c2[C@H]1O,0.8172559,1.0
O=[N+]([O-])c1cc2c(ccc3ccccc32)c2c1C=CC(O)C2O,0.9230822,1.0
Oc1cc(O)c2cc(O)c(-c3cc(O)c(O)c(O)c3)[o+]c2c1,0.462568,0.0
CC1CN(c2cc3c(cc2F)c(=O)c(C(=O)O)cn3-c2ccc(F)cc2F)CCN1,0.56726855,1.0
O=C(O)c1cn(-c2ccc(F)cc2)c2cc(N3CCNCC3)c(F)cc2c1=O,0.5871785,0.0
CCC1=C(C[C@H]2NCCc3cc(OC)c(OC)cc32)C[C@H]2c3cc(OC)c(OC)cc3CCN2C1,0.45869085,0.0
CCC1=C(CC2NCCc3cc(OC)c(OC)cc32)CC2c3cc(OC)c(OC)cc3CCN2C1,0.45869085,0.0
c1ccc(-c2ccc(CC[C@H]3CO3)cc2)cc1,0.4699035,1.0
c1ccc(-c2ccc(CCC3CO3)cc2)cc1,0.4699035,1.0
CC1(c2ccccc2)/C(=N/c2ccccc2)c2ccccc2N1O,0.30068082,0.0
CC1(c2ccccc2)C(=Nc2ccccc2)c2ccccc2N1O,0.29477483,0.0
c1cc2ccc3ccc4ccc5cccc6c(c1)c2c3c4c56,0.8693023,1.0
c1ccc2cc3c(ccc4ccncc43)cc2c1,0.8388098,1.0
Cc1c(N=Nc2ccc([N+](=O)[O-])cc2Cl)sc(N)c1C#N,0.75336015,1.0
CCN(CC)c1ccc(N=Nc2sc(C=O)c(Cl)c2C#N)c(NC(=O)COC)c1,0.73003703,1.0
c1ccc2c(c1)-c1ccccc1[C@@H]1O[C@H]21,0.83441263,1.0
c1ccc2c(c1)-c1ccccc1C1OC21,0.83441263,1.0
CCn1cc(C(=O)O)c(=O)c2cnc(N3CCNCC3)nc21,0.50938016,1.0
c1ccc2c(c1)ccc1cc3ccc4ccncc4c3cc12,0.8764336,1.0
O=C1c2ccccc2C(=O)N1SC1CCCCC1,0.27326772,0.0
c1cnc2c3c(ccc2c1)C1OC1CC3,0.80738676,0.0
O=S(=O)(c1ccc(Cl)cc1)c1ccc(Cl)cc1,0.22450721,0.0
O=S(=O)(c1ccc(Cl)cc1)c1cc(Cl)c(Cl)cc1Cl,0.19311489,0.0
O=S(=O)(c1cc(Cl)cc(Cl)c1O)c1cc(Cl)cc(Cl)c1O,0.30152956,0.0
Nc1ccc(S(=O)(=O)c2ccc(N)cc2)cc1,0.5102337,0.0
CC(=O)Nc1ccc(S(=O)(=O)c2ccc(NC(C)=O)cc2)cc1,0.4681541,0.0
CC(=O)Nc1ccc(S(=O)(=O)c2ccc(N)cc2)cc1,0.49643266,0.0
O=S(=O)(c1ccc(O)cc1)c1ccc(O)cc1,0.3035301,0.0
O=c1c2ccccc2[nH]c2occc12,0.5918235,0.0
Cc1ccc(N=NNCc2ccccc2)cc1,0.40447104,1.0
Cc1ccc(N=NNCc2ccc([N+](=O)[O-])cc2)cc1,0.6901301,1.0
c1ccc2c(c1)-c1c(c3ccccc3c3ccccc13)C1OC21,0.87717694,1.0
c1ccc2c(c1)-c1c(c3ccccc3c3ccccc13)[C@H]1O[C@@H]21,0.87717694,1.0
C#CCC1=C(C)C(OS(C)(=O)=O)CC1=O,0.5779668,1.0
C[C@@H]1CC2c3cccc4c3c(cn4C3CCCC3)C[C@H]2N(C)C1,0.3464667,1.0
CC1CC2c3cccc4c3c(cn4C3CCCC3)CC2N(C)C1,0.3464667,1.0
Cc1c2ccccc2cc2c3c(ccc12)C=CC(O)C3O,0.8331307,1.0
Cc1c2ccccc2cc2c3c(ccc12)C=C[C@@H](O)[C@H]3O,0.8331307,1.0
CN(C(=O)CN(CCO)CC(=O)N(C)C(C)(C)Cc1ccccc1)C(C)(C)Cc1ccccc1,0.104714595,0.0
CC1(C(=O)Nc2ccccc2)CO1,0.37619,1.0
O=C(Nc1ccccc1)C1CO1,0.6039506,1.0
O=NN(CC(=O)O)C[C@@]1(O)OC[C@@H](O)[C@@H](O)[C@H]1O,0.47741178,0.0
CN(N=O)C(=O)N[C@@H]1[C@@H](O)[C@H](O)[C@@H](CO)O[C@@H]1O,0.53172606,1.0
N#[N+][N-]CC1OC(O)C(O)C(O)C1O,0.4359039,1.0
OC[C@@H](O)[C@@H](O[C@H]1O[C@H](CO)[C@@H](O)[C@H](O)[C@H]1O)[C@H](O)[C@@H](O)CO,0.3813481,0.0
CCN(CC)C(=S)SC1OC(CO)C(O)C(O)C1O,0.33838978,0.0
C[N+]([O-])=NC[C@H]1O[C@@H](CO)[C@H](O)[C@@H](O)[C@@H]1O,0.3056756,0.0
[N-]=[N+]=NCC1OC(O)C(O)C(O)C1O,0.3428557,1.0
CCCCCCCC/C=C\CCCCCCCC(=O)OC1O[C@H](CO)[C@@H](O)[C@H](O)[C@@H]1O,0.07782876,0.0
O=NN(CC(=O)O)CC1(O)OCC(O)C(O)C1O,0.47741178,0.0
O=NN(CC(=O)O)C[C@]1(O)OC[C@@H](O)[C@@H](O)[C@H]1O,0.47741178,0.0
CN(N=O)C(=O)NC1C(O)OC(CO)C(O)C1O,0.53172606,1.0
OCC(O)C(O)C(OC1OC(CO)C(O)C(O)C1O)C(O)CO,0.3813481,0.0
C[N+](O)[N-]CC1OC(CO)C(O)C(O)C1O,0.34736574,0.0
OC1C=Cc2c(ccc3ccccc23)C1O,0.5742958,1.0
C#C[C@@](OC(=O)NC1CCCCC1)(c1ccccc1)c1ccc(C)c(C)c1,0.21164182,1.0
CC#CC(OC(=O)NC1CCCCC1)(c1ccccc1)c1ccccc1,0.2784751,1.0
C#CC(OC(=O)NC1CCCCC1)(c1ccccc1)c1ccccc1,0.26561207,1.0
C#CC(OC(=O)NC1CCCCC1)(c1ccccc1)c1ccc(C)c(C)c1,0.21164182,1.0
C#C[C@](OC(=O)NC1CCCCC1)(c1ccccc1)c1ccc(C)c(C)c1,0.21164182,1.0
CON=C(C(=O)NC1C(=O)N2C(C(=O)OCOC(=O)C(C)(C)C)=C(/C=C/c3scnc3C)CSC12)c1csc(N)n1,0.45143136,0.0
CON=C(C(=O)NC1C(=O)N2C(C(=O)OCOC(=O)C(C)(C)C)=C(C=Cc3scnc3C)CSC12)c1csc(N)n1,0.3951071,0.0
O=C(O)CCCC[C@@H]1CCSS1,0.11297012,0.0
O=C(O)CCCCC1CCSS1,0.11297012,0.0
COc1ccc(-c2c(C)c(C(=O)O)nc(-c3ccc4c(n3)C(=O)C(=N)C(OC)C4=O)c2N)c(O)c1OC,0.80274546,1.0
COC(COC(N)=O)C1=C(N2CC2)C(=O)C(C)=C(N2CC2)C1=O,0.7124958,1.0
O=[N+]([O-])c1ccc(OCC2CO2)cc1,0.93514335,1.0
O=[N+]([O-])c1ccc(OC[C@@H]2CO2)cc1,0.93514335,1.0
c1ccc(OC[C@H]2CO2)cc1,0.76232606,1.0
c1ccc(OCC2CO2)cc1,0.76232606,1.0
Cc1ccc(OC[C@H]2CO2)cc1,0.89227146,1.0
Cc1ccccc1OC[C@H]1CO1,0.8849481,1.0
O=[N+]([O-])c1ccc(OC[C@H]2CO2)cc1,0.93514335,1.0
Cc1ccccc1OCC1CO1,0.8849481,1.0
CC(C)(C)c1ccc(OC[C@H]2CO2)cc1,0.78776747,1.0
CC(C)(C)c1ccc(OCC2CO2)cc1,0.78776747,1.0
Cc1ccc(OCC2CO2)cc1,0.89227146,1.0
N1=NC2C3OC3C1C1OC21,0.29066318,0.0
CC1(C)CC[C@]2(C(=O)O)CC[C@]3(C)C(=CC[C@@H]4[C@@]5(C)C[C@H](O)[C@H](O)[C@@](C)(C(=O)O)[C@@H]5CC[C@]43C)[C@@H]2C1,0.20823891,0.0
CC1(C)CCC2(C(=O)O)CCC3(C)C(=CCC4C5(C)CC(O)C(O)C(C)(C(=O)O)C5CCC43C)C2C1,0.20823891,0.0
COc1ccc(COC(=O)C2=C(CCl)CSC3C(N)C(=O)N23)cc1,0.38628584,1.0
COc1cc2c(cc1OC)[C@]13CCN4CC5=CCO[C@@H]6CC(=O)N2[C@H]1[C@H]6[C@@H]5C[C@@H]43,0.8476291,0.0
COc1cc2c(cc1OC)[C@@]13CCN4CC5=CCO[C@H]6CC(=O)N2[C@H]1[C@H]6[C@H]5C[C@H]43,0.8476291,0.0
COc1cc2c(cc1OC)C13CCN4CC5=CCOC6CC(=O)N2C1C6C5CC43,0.8476291,0.0
COc1cc2c(cc1OC)[C@@]13CCN4CC5=CCOC6CC(=O)N2C1[C@H]6[C@H]5C[C@H]43,0.8476291,0.0
CN1C=CN(CCC[n+]2ccc(C(N)=O)cc2)C1C=NO,0.6748292,0.0
Cn1cnc2c(N)[n+]([O-])cnc21,0.79483646,1.0
CC1=CCC2C(C)=CCC(C(C)(C)C)C2C1,0.15313137,0.0
CC1=CC[C@@H]2C(C)=CC[C@@H](C(C)C)[C@H]2C1,0.14620249,0.0
CC1=CC[C@H]2C(C)=CC[C@@H](C(C)C)[C@@H]2C1,0.14620249,0.0
CC1=CC[C@@H]2C(C)=CC[C@H](C(C)(C)C)[C@H]2C1,0.15313137,0.0
[O-][n+]1c2ccc3ccccc3c2cc2c3ccccc3ccc21,0.89014417,0.0
O=C1C=C2c3cc4ccccc4cc3-c3cccc(c32)C1=O,0.8472738,1.0
CC(=O)OC1C2OC2C2=CC(=O)C3(CC2(C)C1C)OC3(C)C=O,0.30690047,1.0
Cc1cn([C@H]2C=C[C@@H](CO)O2)c(=O)[nH]c1=O,0.31930506,1.0
O=C(Nc1ccccc1)c1c(O)[nH]c(=S)[nH]c1=O,0.39493272,0.0
O=C(NC(=O)c1c(F)cccc1F)Nc1cc(Cl)c(Oc2ncc(C(F)(F)F)cc2Cl)c(Cl)c1,0.34681037,0.0
CC(=O)Nc1ccc(C=Nn2nnc3cc[nH]c3c2=O)cc1,0.7393523,1.0
CC(=O)OCC(=O)NCCCOc1cccc(CN2CCCCC2)c1,0.21934737,0.0
CC(C)(C)C1CCC2(CC1)CO2,0.12949082,0.0
C1CCC2(CC1)CO2,0.23229846,0.0
COC1=CC(=O)c2c(ncc3c2[nH]c2ccncc23)C1=O,0.71737844,1.0
CC1(OO)CC(=O)OO1,0.6905501,1.0
CC(CCc1ccccc1)NCC(O)c1ccc(O)c(C(N)=O)c1,0.10643215,0.0
C[C@H](CCc1ccccc1)NC[C@@H](O)c1ccc(O)c(C(N)=O)c1,0.10643215,0.0
CCC1OC(=O)C(C)C(OC2CC(C)(OC)C(O)C(C)O2)C(C)C(O)(C2OC(C)CC(N(C)C)C2O)C(C)(O)CC(C)C(=O)C(C)C(C)(O)C1O,0.1658172,0.0
CCN(CC)c1ccc2nc3c4ccccc4c(=[N+])cc-3oc2c1,0.5587758,1.0
Cc1nccc2c1[nH]c1ccccc12,0.59756136,1.0
Cc1nc(N)c(C)c2c1[nH]c1ccccc12,0.9007935,1.0
c1ccc2c(c1)[nH]c1cnccc12,0.70162624,1.0
O=[N+]([O-])c1cc([N+](=O)[O-])c2[nH]c3cnc([N+](=O)[O-])cc3c2c1,0.95100987,1.0
COc1ccc2c(c1)[nH]c1c(C)nccc12,0.725647,1.0
Cc1nc([N+](=O)[O-])cc2c1[nH]c1c([N+](=O)[O-])cc([N+](=O)[O-])cc12,0.9388691,1.0
Cn1cnc([N+](=O)[O-])c1Sc1ncnc2[nH]cnc12,0.7080296,1.0
Cn1cnc([N+]([O-])O)c1Sc1ncnc2[nH]cnc12,0.5762959,1.0
CC1CCOS(=O)(=O)O1,0.607546,1.0
O=S1(=O)OCCCO1,0.84181994,1.0
C[C@H]1CCOS(=O)(=O)O1,0.607546,1.0
O=C(CCCN1CCC(O)(c2ccc(Cl)cc2)CC1)c1ccc(F)cc1,0.26084733,0.0
Nc1ccc2cc(S(=O)(=O)O)c(N=Nc3ccc(-c4ccc(N=Nc5ccc(O)c(C(=O)O)c5)cc4)cc3)c(O)c2c1,0.48515463,1.0
c1cc2c3c(c4c(ccc5ccccc54)cc3c1)C1OC21,0.93882763,1.0
CC(C)NCC1CCc2cc(CO)c([N+](=O)[O-])cc2N1,0.22008143,1.0
CC(C)NC[C@@H]1CCc2cc(CO)c([N+](=O)[O-])cc2N1,0.22008143,1.0
CC(C)NCC1CCc2cc(CO)c([N+]([O-])O)cc2N1,0.24052976,1.0
O=C(O)C1Cc2c([nH]c3ccccc23)C(CO)N1,0.4716573,0.0
COC(=O)C1Cc2c([nH]c3ccc([N+](=O)[O-])cc23)C(C)N1N=O,0.85942805,1.0
O=C(O)C1Cc2c([nH]c3ccccc23)CN1,0.61235225,0.0
CC1NC(C(=O)O)Cc2c1[nH]c1ccccc21,0.3954555,0.0
CN(C)CCNC(=O)c1cccn2c(=O)c3ccccc3nc12,0.30040658,1.0
O=C(NC(Cc1cc(=O)[nH]c2ccccc12)C(=O)O)c1ccc(Cl)cc1,0.17160523,0.0
CS(=O)(=O)OC1CN(C(c2ccccc2)c2ccccc2)C1,0.17599647,1.0
CC1CCCC(=O)CCCCCc2cc(O)cc(O)c2C(=O)O1,0.17439264,0.0
CC1CC23CCC4C(C)(C(=O)O)CCCC4(C)C2CCC1(O)C3,0.13179375,0.0
Nc1ncnc2c1ncn2Cc1ccccc1,0.6445719,1.0
Nc1ncnc2c1ncn2Cc1ccc([N+](=O)[O-])cc1,0.9143725,1.0
N=C1NCNc2c1ncn2C1OC(CO)C(=O)C1O,0.65859336,0.0
[O-][n+]1c2ccccc2c2ccc3cccc4ccc1c2c34,0.9386943,1.0
O=[N+]([O-])c1ccc2ccc3c4c(ccc1c24)c1ccccc1[n+]3[O-],0.9629564,1.0
O=[N+]([O-])c1ccc2ccc3c4ccccc4[n+]([O-])c4ccc1c2c34,0.9629564,1.0
Cc1ccc(C)c2c3c(ccc12)C(O)C(O)C1OC31,0.6414654,1.0
OC1c2ccc3ccccc3c2C2OC2C1O,0.7483562,1.0
O=[N+]([O-])c1ccc2c3cccc4cccc(c5cccc1c52)c43,0.91482246,1.0
[O-][N+](O)c1ccc2c3cccc4cccc(c5cccc1c52)c43,0.89541733,1.0
O=[N+]([O-])c1ccc2c3c([N+](=O)[O-])ccc4cccc(c5cccc1c52)c43,0.95455974,1.0
O=[N+]([O-])c1ccc2c3cccc4cccc(c5c([N+](=O)[O-])ccc1c25)c43,0.95455974,1.0
O=[N+]([O-])c1ccc2c3cccc4ccc([N+](=O)[O-])c(c5cccc1c25)c43,0.95455974,1.0
c1cc2cccc3c4cccc5cccc(c(c1)c23)c54,0.8329666,1.0
OC1C=Cc2c(ccc3cc4c5c(ccc4cc23)C(O)C(O)C=C5)C1O,0.7967196,0.0
CNC(CC(=O)O)C(=O)N(C(C(N)=O)c1ccc(O)cc1)C1C(=O)N2C1SC(C)(C)C2C(=O)O,0.2224848,0.0
O=C1CC2SCC=CN12,0.5327815,0.0
CN(C)c1ccc(N=Nc2ccc3[nH]ncc3c2)cc1,0.5219026,1.0
O=C(COc1cc(Cl)c(Cl)cc1Cl)NC(Cc1c[nH]c2ccccc12)C(=O)O,0.20356564,0.0
O=C(COc1ccc(Cl)cc1Cl)NC(Cc1c[nH]c2ccccc12)C(=O)O,0.18900664,0.0
ON1c2ccccc2C(=Nc2ccccc2)C1(c1ccccc1)c1ccccc1,0.26900253,0.0
ON1c2ccccc2/C(=N\c2ccccc2)C1(c1ccccc1)c1ccccc1,0.25221065,0.0
c1ccc2c(c1)ccc1c3cccnc3ccc21,0.8638294,1.0
O=c1c2ccc(OCC3CO3)cc2sn1CC1CO1,0.9221381,1.0
COC(=O)C12Oc3ccc(-c4ccc5c(c4O)C(=O)C4C(=O)CC(C)C(O)C4(C(=O)OC)O5)c(O)c3C(=O)C1C(=O)CC(C)C2O,0.5026551,0.0
O=[N+]([O-])c1c2c(cc3ccccc13)[C@@H](O)[C@H](O)C=C2,0.6824482,1.0
O=[N+]([O-])c1c2c(cc3ccccc13)C(O)C(O)C=C2,0.6824482,1.0
O=[N+]([O-])c1ccc2cc3c(cc2c1)C=C[C@@H](O)[C@@H]3O,0.8385562,1.0
O=[N+]([O-])c1ccc2cc3c(cc2c1)C=CC(O)C3O,0.8385562,1.0
O=[N+]([O-])c1c2c(cc3ccccc13)C=CC(O)C2O,0.7162048,0.0
O=[N+]([O-])c1ccc2cc3c(cc2c1)C(O)C(O)C=C3,0.83855635,1.0
Nc1[nH]c(=O)nc2c1ncn2C1OC(CO)C(O)C1O,0.39650255,0.0
Nc1[nH]c(=O)nc2c1ncn2C1CC(O)C(CO)O1,0.5542535,0.0
Nc1[nH]c(=O)nc2c1ncn2[C@H]1C[C@H](O)[C@@H](CO)O1,0.5542535,0.0
c1cc(OCC2CO2)c2sncc2c1,0.9149328,1.0
COc1nsc2c(OCC3CO3)cccc12,0.7293381,1.0
O=[N+]([O-])C1C=CC2=C3C(=CC=CC3[N+](=O)[O-])CC2=C1,0.57888675,1.0
Nc1c(N=Nc2ccc([N+]([O-])O)cc2)c(S(=O)(=O)O)cc2cc(S(=O)(=O)O)c(N=Nc3ccccc3)c(O)c12,0.58021957,1.0
Nc1c(N=Nc2ccc([N+](=O)[O-])cc2)c(S(=O)(=O)O)cc2cc(S(=O)(=O)O)c(N=Nc3ccccc3)c(O)c12,0.5540215,1.0
Cc1cc(O)c2c(c1)C(=O)c1cc(O[C@@H]3O[C@H](C)[C@@H](O)[C@H](O)[C@H]3O)cc(O)c1C2=O,0.517092,1.0
Cc1cc(O)c2c(c1)C(=O)c1cc(OC3OC(C)C(O)C(O)C3O)cc(O)c1C2=O,0.517092,1.0
OC1c2ccc3nc4c(ccc5ccccc54)cc3c2C2OC2C1O,0.9010662,0.0
N[C@@H]1C[C@H]1c1ccccc1,0.24934672,0.0
CC(C)(Oc1ccc(C2CC2(Cl)Cl)cc1)C(=O)O,0.39515835,0.0
CC(C)(Oc1ccc([C@@H]2CC2(Cl)Cl)cc1)C(=O)O,0.39515835,0.0
NC1CC1c1ccccc1,0.24934672,0.0
C=C1C[C@]23C[C@@]1(O)CC[C@H]2[C@@]12C=C[C@H](O)[C@@](C)(C(=O)O1)[C@H]2C3C(=O)O,0.23418066,0.0
C=C1CC23CC1(O)CCC2C12C=CC(O)C(C)(C(=O)O1)C2C3C(=O)O,0.23418066,0.0
C=C1C[C@]23C[C@@]1(O)CC[C@@H]2[C@@]12C=C[C@H](O)[C@@](C)(C(=O)O1)[C@H]2C3C(=O)O,0.23418066,0.0
C=C1C[C@@]23C[C@]1(O)CC[C@@H]2[C@]12C=C[C@H](O)[C@](C)(C(=O)O1)[C@H]2C3C(=O)O,0.23418066,0.0
Nc1nc(-c2ccccc2)c(CCO)c2ncnn12,0.45514876,0.0
CCOCCc1c(-c2ccccc2)nc(N)n2ncnc12,0.36014506,0.0
O=C(C(=O)c1ccccc1)c1ccccc1,0.38447008,0.0
COc1c2c(cc3oc4c(CCC(C)(C)O)ccc(O)c4c(=O)c13)O[C@@H]1OC=C[C@@H]21,0.6031544,1.0
COc1c(Cl)ccc2oc3cc4c(c(OC)c3c(=O)c12)C1C=COC1O4,0.73890877,1.0
CC(C)=CCc1ccc(O)c2c(=O)c3c(O)c4c(cc3oc12)OC1OC=CC41O,0.47741917,1.0
CC(C)(O)CCc1ccc(O)c2c(=O)c3c(O)c4c(cc3oc12)O[C@H]1OC=C[C@@]41O,0.5872574,1.0
COc1c2c(cc3oc4c(CCC(C)(C)O)ccc(O)c4c(=O)c13)O[C@H]1OC=C[C@@H]21,0.6031544,1.0
CC(C)(O)CCc1ccc(O)c2c(=O)c3c(O)c4c(cc3oc12)OC1OC=CC41O,0.5872574,1.0
O=c1c2c(O)cccc2oc2cc3c(c(O)c12)C1C=COC1O3,0.6486557,0.0
CC(C)=CCc1ccc(O)c2c(=O)c3c(O)c4c(cc3oc12)O[C@H]1OC=C[C@@]41O,0.47741917,1.0
CC(C)(O)CCc1ccc(O)c2c(=O)c3c(O)c4c(cc3oc12)O[C@H]1OC=C[C@@H]41,0.62947375,1.0
CC(C)(O)CCc1ccc(O)c2c(=O)c3c(O)c4c(cc3oc12)OC1OC=CC41,0.62947375,1.0
COc1c2c(cc3oc4c(CCC(C)(C)O)ccc(O)c4c(=O)c13)OC1OC=CC21,0.6031544,1.0
CC(=C(CCOC(=O)c1ccccc1)SC(=O)c1ccccc1)N(C=O)Cc1cnc(C)nc1N,0.30064085,0.0
C/C(=C(\CCOC(=O)c1ccccc1)SC(=O)c1ccccc1)N(C=O)Cc1cnc(C)nc1N,0.3553917,0.0
[NH-]C(=O)c1cc[n+](COCN2C=CC=C/C2=C=NO)cc1,0.29014212,0.0
C[Si](C)(CCCOCC1CO1)c1ccc([Si](C)(C)CCCOCC2CO2)cc1,0.7653739,1.0
ClC1(Cl)[C@]2(Cl)[C@@]3(Cl)[C@]4(Cl)C(Cl)(Cl)[C@]5(Cl)[C@@]3(Cl)[C@@]1(Cl)[C@]5(Cl)[C@@]42Cl,0.42129803,0.0
OC1C2(Cl)C3(Cl)C4(Cl)C(Cl)(Cl)C5(Cl)C3(Cl)C1(Cl)C5(Cl)C24Cl,0.22365461,0.0
ClC1(Cl)C2(Cl)C3(Cl)C4(Cl)C(Cl)(Cl)C5(Cl)C3(Cl)C1(Cl)C5(Cl)C24Cl,0.42129803,0.0
COc1ccc2c(c1)-c1c(OC)c(OC)cc3ccnc(c13)C2=O,0.6084002,0.0
COc1cc2ccnc3c2c(c1OC)-c1ccccc1C3=O,0.5595144,1.0
COc1ccc2c(c1)C(=O)c1nccc3cc(OC)c(OC)c-2c13,0.6049384,1.0
O[C@H]1[C@@H]2O[C@@H]2c2c(ccc3cc4c(ccc5ccccc54)nc23)[C@@H]1O,0.9064282,1.0
OC1c2ccc3cc4c(ccc5ccccc54)nc3c2C2OC2C1O,0.90642834,1.0
CC(C=CC=C(C)C(=O)C12OC1C(O)(CCO)NC2=O)=CC(C)=CC1=CCOC1=O,0.5042911,1.0
CC(=C\C1=CCOC1=O)/C=C(C)/C=C/C=C(\C)C(=O)C12OC1C(O)(CCO)NC2=O,0.6310599,1.0
C[N+]1(C)CCOCC1,0.74239004,0.0
O=c1[nH]c(=O)n(Cl)c(=O)n1Cl,0.3671695,0.0
O=c1[nH]c(=O)[nH]c(=O)[nH]1,0.4283292,0.0
O=c1n(CCO)c(=O)n(CCO)c(=O)n1CCO,0.68873894,0.0
C=CCn1c(=O)n(CC=C)c(=O)n(CC=C)c1=O,0.52713597,0.0
O=c1n(Cl)c(=O)n(Cl)c(=O)n1Cl,0.33087343,0.0
O=[N+]([O-])c1ccc(C2OCC3(CO)COC(c4ccc([N+](=O)[O-])cc4)N23)cc1,0.9255452,1.0
Cc1ncc(C[n+]2csc(CCO)c2C)c(N)n1,0.4693406,0.0
O=C(NCCCl)Nc1ccc([N+](=O)[O-])s1,0.85892636,1.0
Cc1cccs1,0.12610586,0.0
c1ccsc1,0.59444624,0.0
CC(=O)c1ccc([N+]([O-])O)s1,0.7992329,1.0
CC(=O)c1ccc([N+](=O)[O-])s1,0.8703673,1.0
NC(=O)c1csc([N+](=O)[O-])c1,0.703746,1.0
Cc1ccsc1,0.10248773,0.0
O=C1CN(CCN2CC(=O)N(CN3CCOCC3)C(=O)C2)CC(=O)N1CN1CCOCC1,0.7031322,1.0
O=C(O)c1cc(N=Nc2ccc(-c3ccc(N=Nc4ccc(N=Nc5ccc(O)c(C(=O)O)c5)c5cc(S(=O)(=O)O)ccc45)cc3)cc2)ccc1O,0.3118546,1.0
O=c1nc[nH]c(=O)[nH]1,0.41713575,0.0
CC(=O)OC1CC2C3(C)CCCC(C)(C)C3CCC2(C)C2(O)CC(C=O)=C(C=O)C12C,0.22660789,0.0
c1ccc2c(c1)[nH]c1c3ccccc3c3[nH]c4ccccc4c2c13,0.6454817,0.0
O=[N+]([O-])c1ccc2c(c1)c1[nH]c3ccccc3c3c4ccccc4[nH]c2c13,0.8171805,1.0
COc1cc2c3c(cc4cc5c(cc4c3c1OC)OCO5)N(C)CC2,0.7369235,1.0
Cc1ccc2cc3c(ccc4ccccc43)c3c2c1CC3=O,0.92369324,1.0
CC1CCC2CC1C2(C)C,0.34072208,0.0
c1cc2ccc3cncc4ccc(c1)c2c34,0.7472795,1.0
CCOCn1cc(F)c(=O)n(C(=O)c2cccc(C(=O)Oc3nc(OC(=O)c4ccccc4)ccc3C#N)c2)c1=O,0.1580767,0.0
CCCCCC(C)(O)/C=C/C1C(O)CC(=O)C1C/C=C/CCCC(=O)O,0.094218716,0.0
CCCCCC(C)(O)C=CC1C(O)CC(=O)C1CC=CCCCC(=O)O,0.08368663,0.0
CCCCC[C@@](C)(O)/C=C/C1C(C/C=C\CCCC(=O)O)C(=O)C[C@H]1O,0.10070087,0.0
CC(C)=CCC1CCCC1=O,0.061537854,0.0
Nc1cccc2c1-c1ccccc1C2,0.8692993,1.0
O=CNc1ccc2c(c1)Cc1ccccc1-2,0.91571444,1.0
O=[N+]([O-])c1ccc2c(c1)C(O)c1ccccc1-2,0.9143959,1.0
CC(=O)Nc1ccc2c(c1)Cc1cc(O)ccc1-2,0.76408446,1.0
CC(=O)Nc1cc2c(cc1Cl)-c1ccccc1C2,0.8035136,1.0
CC1c2ccccc2-c2ccccc21,0.4528376,1.0
CC(=O)N(O)c1ccc2c(c1)Cc1ccccc1-2,0.8616329,1.0
Cc1ccc2c(c1)C(C)c1ccccc1-2,0.58010525,1.0
Nc1ccc2c(c1)Cc1cc([N+](=O)[O-])ccc1-2,0.8925221,1.0
Nc1ccc2c(c1)Cc1cc(N)ccc1-2,0.8745695,1.0
CC(=O)Nc1ccc2c(c1OC(C)=O)Cc1ccccc1-2,0.8674861,0.0
Nc1cccc2c1Cc1ccccc1-2,0.918584,1.0
Cc1ccc2c(c1)-c1ccccc1C2C,0.541949,1.0
O=[N+]([O-])c1ccc2c(c1)[C@H](O)c1ccccc1-2,0.9143959,1.0
CCCCCCCCCCCCCC(=O)N(O)c1ccc2c(c1)Cc1ccccc1-2,0.11035874,1.0
O=[N+]([O-])c1ccc2c(c1)Cc1ccccc1-2,0.94229907,1.0
CC(=O)ON(C(C)=O)c1ccc2c(c1)Cc1ccccc1-2,0.8676319,1.0
Cc1cc2c(cc1C)-c1ccccc1C2,0.6913909,0.0
O=Nc1ccc2c(c1)Cc1ccccc1-2,0.8931468,1.0
CC(=O)Nc1ccc2c(c1O)Cc1ccccc1-2,0.87286943,0.0
O=[N+]([O-])c1ccc2c(c1)Cc1cc(O)ccc1-2,0.81744665,1.0
Cc1ccc2c(c1)Cc1cc(C)ccc1-2,0.6685089,0.0
CCCCCCCCCCCCCC(=O)ON(C(C)=O)c1ccc2c(c1)Cc1ccccc1-2,0.13468628,1.0
O=[N+]([O-])c1ccc2c(c1)Cc1cccc([N+](=O)[O-])c1-2,0.9438402,1.0
O=[N+]([O-])c1ccc2c(c1)Cc1cc([N+](=O)[O-])ccc1-2,0.9098653,1.0
ClNc1ccc2c(c1)Cc1ccccc1-2,0.9423257,1.0
Nc1ccc2c(c1)Cc1ccccc1-2,0.91861624,1.0
Cc1ccc2c(c1)C(C)c1cc(C)ccc1-2,0.59356546,0.0
CC(=O)N(Cl)c1ccc2c(c1)Cc1ccccc1-2,0.8654395,1.0
CCN(C(C)=O)c1ccc2c(c1)Cc1ccccc1-2,0.74439144,1.0
Cc1ccc2c(c1)[C@H](C)c1ccccc1-2,0.58010525,1.0
Cc1cc2c(cc1C)C(C)c1ccccc1-2,0.6083502,1.0
NC1c2ccccc2-c2ccccc21,0.40756872,0.0
CC(C)(C)c1c(N)ccc2c1Cc1ccccc1-2,0.5225401,0.0
CC(=O)Nc1ccc2c(c1)Cc1cccc(O)c1-2,0.8041739,1.0
[O-][N+](O)c1ccc2c(c1)Cc1ccccc1-2,0.91968876,1.0
[O-][N+](O)c1ccc2c(c1)Cc1cccc([N+]([O-])O)c1-2,0.9224856,1.0
CC1(OO)c2ccccc2-c2ccccc21,0.5083036,1.0
CC(=O)Nc1ccc2c(c1)Cc1ccccc1-2,0.877736,1.0
O=[N+]([O-])c1ccc2c(c1)Cc1cccc(O)c1-2,0.9027243,1.0
CC1c2ccccc2-c2ccc(F)cc21,0.6268134,1.0
Nc1ccc2c(c1)-c1ccccc1C2,0.9047798,1.0
CC1c2cc(F)ccc2-c2ccc(F)cc21,0.68039227,1.0
CC(=O)Nc1ccc2c(c1)Cc1cc(NC(C)=O)ccc1-2,0.80722594,1.0
CCCCCCCCCCCCCCN(OC(C)=O)c1ccc2c(c1)Cc1ccccc1-2,0.15880218,1.0
ONc1ccc2c(c1)Cc1ccccc1-2,0.9203076,1.0
c1ccc2c(c1)Cc1ccccc1-2,0.6811119,0.0
CC(C)c1c(N)ccc2c1Cc1ccccc1-2,0.8420559,1.0
Cc1cccc2c1C(C)c1ccccc1-2,0.6633035,1.0
Cc1cccc2c1-c1ccccc1C2C,0.49421838,1.0
CC(=O)Nc1cc2c(cc1O)-c1ccccc1C2,0.7878551,0.0
CC(=O)Nc1cccc2c1-c1ccccc1C2,0.8192749,1.0
O=[N+]([O-])c1ccc2c(c1)-c1ccccc1C2,0.93739486,1.0
O=C(Cl)OCC1c2ccccc2-c2ccccc21,0.7007355,1.0
CC(=O)Nc1cc2c(cc1OC(C)=O)-c1ccccc1C2,0.79719335,0.0
CC(=O)Oc1cc(C=O)cc2c1C(COC(N)=O)C1(OC(C)=O)ON2CC2C1N2C(C)=O,0.83961093,1.0
O=c1c(Cl)c(Cl)cnn1S(=O)(=O)c1ccc(Cl)cc1,0.3021242,0.0
COc1ccc(S(=O)(=O)n2ncc(Cl)c(Cl)c2=O)cc1,0.6402459,0.0
O=c1c(Cl)c(Cl)cnn1S(=O)(=O)c1ccc(Cl)cc1Cl,0.44261447,0.0
Cc1ccc(S(=O)(=O)n2ncc(Cl)c(Cl)c2=O)cc1,0.65941024,0.0
O=c1c(Cl)c(Cl)cnn1S(=O)(=O)c1ccccc1,0.3246625,0.0
Cc1cc(NS(=O)(=O)c2ccc(N)cc2)no1,0.38166127,0.0
O=C1COP(=O)(N(CCCl)CCCl)OC1,0.78295326,1.0
O=[N+]([O-])C1=Cc2cccc3c2c1cc1cc2ccccc2cc13,0.8945249,1.0
O=[N+]([O-])C1=Cc2cc3cc4ccccc4cc3c3cccc1c23,0.8973625,1.0
CC(=O)N(O[C@@H]1O[C@H](CO)[C@@H](O)[C@H](O)[C@H]1O)c1ccc(Oc2ccc(Cl)cc2)cc1,0.29165432,1.0
CC(=O)N(OC1OC(CO)C(O)C(O)C1O)c1ccc(Oc2ccc(Cl)cc2)cc1,0.29165432,1.0
CC(=O)O[C@H]1C[C@@H]2C(COC(=O)CC(C)C)=CO[C@@H](OC(=O)CC(C)C)[C@@H]2[C@@]12CO2,0.4648443,1.0
CC(=O)O[C@H]1C[C@@H]2C(COC(=O)CC(C)C)=CO[C@@H](OC(=O)CC(C)C)[C@H]2[C@]12CO2,0.4648443,1.0
CC(=O)OC1CC2C(COC(=O)CC(C)C)=COC(OC(=O)CC(C)C)C2C12CO2,0.4648443,1.0
CC(=O)O[C@H]1C[C@@H]2C(COC(=O)CC(C)C)=CO[C@@H](OC(=O)CC(C)C)[C@H]2[C@@]12CO2,0.4648443,1.0
CON=C(C(=O)NC1C(=O)N2C(C(=O)O)=C(COC(N)=O)CS[C@H]12)c1ccco1,0.49968544,0.0
C1CCC(NC2CCCCC2)CC1,0.16832294,0.0
O=S(=O)(O)c1ccc2cc(Oc3ccc4cc(S(=O)(=O)O)ccc4c3)ccc2c1,0.37477946,0.0
CCOC1=CC(c2ccccc2)(c2ccccc2)N(O)c2ccccc21,0.28106415,0.0
C=C(C)[C@H]1C=C2C(COC(=O)CCCCCCCCCCCCCCCCC)=CC=C2C(C)=CC1,0.0816388,1.0
C=C(C)C1C=C2C(COC(=O)CCCCCCCCCCCCCCCCC)=CC=C2C(C)=CC1,0.0816388,1.0
O=C1NC(=O)C(Cl)C1=C(Cl)Cl,0.64493054,1.0
O=C1CC(=C(Cl)Cl)C(=O)N1,0.6718634,1.0
O=C1NC(=O)C(Cl)(Cl)C1=C(Cl)Cl,0.6109474,1.0
c1ccc2c(c1)CCCC2,0.10746181,0.0
OO[C@@H]1CCCc2ccccc21,0.18599443,1.0
CC(C)(C)NCC(O)COc1cccc2c1C[C@H](O)[C@H](O)C2,0.080737986,0.0
CC(C#N)C1CCC(C#N)c2ccccc21,0.2851946,0.0
CC(C)(C)NCC(O)COc1cccc2c1CC(O)C(O)C2,0.080737986,0.0
OOC1CCCc2ccccc21,0.18599443,1.0
CC(=O)c1cc2c(cc1C)C(C)(C)C(C)CC2(C)C,0.1877779,0.0
O=NN(c1ccc([N+](=O)[O-])cc1)[C@@H]1O[C@H](CO)[C@@H](O)[C@H]1O,0.69751716,1.0
O=NN(c1ccc([N+](=O)[O-])cc1)C1OC(CO)C(O)C1O,0.69751716,1.0
COP1(=S)OCc2ccccc2O1,0.4442121,1.0
CCN(CC)c1ccc(-c2ccccc2)c(-c2ccccc2)c1N(CC)CC,0.3001422,1.0
c1ccc(-c2ccccc2-c2ccccc2)cc1,0.36423028,0.0
O=C(Cc1ccccc1)OCc1ccccc1,0.26893896,0.0
Cc1n[nH]c(=O)[nH]c1=O,0.3375285,0.0
O=c1cn[nH]c(=O)[nH]1,0.27194387,1.0
O=C(C=Cc1ccc(O)c(O)c1)O[C@@H]1C[C@](O)(C(=O)O)C[C@@H](O)[C@H]1O,0.1956826,0.0
O=C(C=Cc1ccc(O)c(O)c1)OC1CC(O)(C(=O)O)CC(O)C1O,0.1956826,0.0
O=C(C=Cc1ccc(O)c(O)c1)O[C@H]1C[C@@](O)(C(=O)O)C[C@@H](O)[C@@H]1O,0.1956826,0.0
O=C(C=Cc1ccc(O)c(O)c1)O[C@@H]1C[C@](O)(C(=O)O)C[C@H](O)[C@H]1O,0.1956826,0.0
CN(C)CCN(Cc1ccccc1)c1ccccc1,0.2224761,0.0
CCN(Cc1ccccc1)c1ccccc1,0.24274553,0.0
S=c1[nH]cnc2[nH]cnc12,0.48172793,1.0
COc1cccc2c(O)c3c(c(O)c12)C(=O)C1=C(CC(O)(C(=O)CO)CC1O)C3=O,0.7978675,1.0
COc1cccc2c(O)c3c(c(O)c12)C(=O)C1=C(CC(O)(C(C)=O)CC1O)C3=O,0.8149402,1.0
COc1cccc2c(O)c3c(c(O)c12)C(=O)C1=C(C[C@](O)(C(C)=O)C[C@@H]1O)C3=O,0.8149402,1.0
COc1cccc2c(O)c3c(c(O)c12)C(=O)C1=C(C[C@@](O)(C(C)=O)C[C@@H]1O)C3=O,0.8149402,1.0
O=C(O)C(=O)Nc1cccc(-c2nn[nH]n2)c1,0.6027196,0.0
CC(C)C1CC[C@@H](C)CC1=O,0.1380208,1.0
O=C1CCCCC1,0.2682958,0.0
O=C1C(Cl)(Cl)CCCC1(Cl)Cl,0.504639,1.0
CC(C)C(Cl)C1(Cl)CCCC(Cl)(Cl)C1=O,0.24268554,1.0
CC1CCC(C(C)C)C(=O)C1,0.1380208,1.0
c1cc2c3c(c1)=C1OC1C=3Cc1cc3ccccc3cc1-2,0.8268778,1.0
O=Nc1c2ccccc2c2ccc3cccc4ccc1c2c43,0.85969704,1.0
Oc1c2ccccc2c2ccc3cccc4ccc1c2c43,0.9084764,1.0
ClCc1cc2cc3ccccc3c3ccc4cccc1c4c23,0.8604134,1.0
Oc1cc2cc3ccccc3c3ccc4cccc1c4c23,0.83593947,1.0
O=[N+]([O-])c1ccc2ccc3c4ccccc4cc4ccc1c2c43,0.9392156,1.0
O=[N+]([O-])c1ccc2ccc3c([N+](=O)[O-])c4ccccc4c4ccc1c2c34,0.9411112,1.0
Cc1c2ccccc2c2ccc3cccc4ccc1c2c43,0.87775326,1.0
Cc1cc2cc3ccccc3c3ccc4cccc1c4c23,0.88191295,1.0
O=S(=O)(O)Oc1c2ccccc2c2ccc3cccc4ccc1c2c43,0.91127944,0.0
ClCc1cc2cccc3ccc4c5ccccc5cc1c4c32,0.8573195,1.0
O=Nc1ccc2ccc3cc4ccccc4c4ccc1c2c34,0.9156191,1.0
Cc1cc2cccc3ccc4c5ccccc5cc1c4c32,0.87921786,1.0
O=[N+]([O-])c1c2ccccc2c2ccc3cccc4ccc1c2c43,0.89294636,1.0
Cc1ccc2c(c1)cc1ccc3cccc4ccc2c1c34,0.8497749,1.0
O=S(=O)(O)Oc1cccc2c1cc1ccc3cccc4ccc2c1c34,0.9068542,0.0
Cc1ccc2cc3ccc4cccc5ccc(c2c1)c3c45,0.8460201,1.0
Oc1ccc2c(c1)cc1ccc3cccc4ccc2c1c34,0.8274095,1.0
ClCc1c2ccccc2c2ccc3cccc4ccc1c2c43,0.8528191,0.0
Cc1cc2cccc3ccc4cc5ccccc5c1c4c32,0.8948908,1.0
Nc1ccc2ccc3cc4ccccc4c4ccc1c2c34,0.9184097,1.0
ClCc1ccc2ccc3cc4ccccc4c4ccc1c2c34,0.8735154,0.0
BrCc1c2ccccc2c2ccc3cccc4ccc1c2c43,0.8609961,1.0
[O-][N+](O)c1c2ccccc2c2ccc3cccc4ccc1c2c43,0.89376694,1.0
Cc1cc2ccc3cc4ccccc4c4ccc(c1)c2c34,0.8598325,1.0
O=[N+]([O-])c1ccc2ccc3c4ccccc4c([N+](=O)[O-])c4ccc1c2c43,0.9411112,1.0
ClCc1cc2c3ccccc3cc3ccc4cccc1c4c32,0.8575365,1.0
OCc1cc2cccc3ccc4cc5ccccc5c1c4c32,0.8083261,0.0
O=[N+]([O-])c1cc2ccc3cc4ccccc4c4ccc(c1)c2c34,0.9424642,1.0
CC(=O)OCc1c2ccccc2c2ccc3cccc4ccc1c2c43,0.86981046,1.0
Nc1ccc2ccc3c4ccccc4cc4ccc1c2c43,0.9184097,1.0
c1ccc2c(c1)cc1ccc3cccc4ccc2c1c34,0.86202353,1.0
Oc1ccc2ccc3cc4ccccc4c4ccc1c2c34,0.8641082,1.0
Oc1ccc2cc3ccc4cccc5ccc(c2c1)c3c45,0.8185541,1.0
OCc1cc2c3ccccc3cc3ccc4cccc1c4c32,0.79413354,0.0
O=S(=O)(O)Oc1ccc2ccc3cc4ccccc4c4ccc1c2c34,0.9075496,1.0
O=Nc1ccc2ccc3c4ccccc4cc4ccc1c2c43,0.9156191,1.0
Cc1cc2c3ccccc3cc3ccc4cccc1c4c32,0.8792906,1.0
O=[N+]([O-])c1ccc2ccc3cc4ccccc4c4ccc1c2c34,0.9392156,1.0
Oc1cc2c3ccccc3cc3ccc4cccc1c4c32,0.8251506,1.0
Cc1cccc2c1cc1ccc3cccc4ccc2c1c34,0.8844734,1.0
ClCc1cccc2cc3ccc4cccc5ccc(c12)c3c45,0.86380416,1.0
Oc1cc2ccc3cc4ccccc4c4ccc(c1)c2c34,0.80892336,1.0
Cc1cccc2cc3ccc4cccc5ccc(c12)c3c45,0.8794985,1.0
OCc1c2ccccc2c2ccc3cccc4ccc1c2c43,0.78138566,1.0
Cc1ccc2ccc3cc4ccccc4c4ccc1c2c34,0.8895774,1.0
Oc1cc2cccc3ccc4c5ccccc5cc1c4c32,0.8336046,1.0
O=S(=O)(O)OCc1c2ccccc2c2ccc3cccc4ccc1c2c43,0.8363696,1.0
O=S(=O)(O)Oc1ccc2ccc3c4ccccc4cc4ccc1c2c43,0.9075496,0.0
ClCc1cc2cccc3ccc4cc5ccccc5c1c4c32,0.87761533,1.0
Cc1ccc2ccc3c4ccccc4cc4ccc1c2c43,0.8895774,1.0
O=S(=O)(O)Oc1ccc2cc3ccc4cccc5ccc(c2c1)c3c45,0.87631017,0.0
Oc1ccc2ccc3c4ccccc4cc4ccc1c2c43,0.8641082,1.0
CN1CCN=C(c2ccccc2)c2cc(Cl)ccc21,0.40068159,0.0
CC(=O)OCC1=CO[C@@H](OC(=O)CC(C)C)[C@H]2C1=C[C@H](OC(=O)CC(C)C)[C@]21CO1,0.38507617,1.0
CC(=O)OCC1=CO[C@@H](OC(=O)CC(C)C)[C@H]2C1=C[C@H](OC(=O)CC(C)C)[C@@]21CO1,0.38507617,1.0
CC(=O)OCC1=COC(OC(=O)CC(C)C)C2C1=CC(OC(=O)CC(C)C)C21CO1,0.38507617,1.0
Cn1/c(=N/N)sc2ccccc21,0.47354633,1.0
Cn1c(=NN)sc2ccccc21,0.40830007,1.0
CCc1nc(N)nc(N)c1-c1ccc(Cl)cc1,0.51466423,0.0
CC1C=C(C=O)C(C=O)C(O)C2CC(C)(C)CC12,0.25364494,0.0
Cn1c(N)nc2nc3ccccc3cc21,0.7363183,1.0
O=NN1CCCNC1=O,0.8652001,1.0
CN1CCCN(C)C1=O,0.34578303,0.0
CC(=O)ON(OCc1ccc(Oc2ccccc2)cc1)C(=O)c1ccccc1,0.29623604,1.0
Nc1nccs1,0.29770547,1.0
CC(C)Cc1nccs1,0.40286082,1.0
O=C(NCCCl)Nc1ncc([N+](=O)[O-])s1,0.784275,1.0
c1cscn1,0.30276906,1.0
CCNC(=O)Nc1ncc([N+]([O-])O)s1,0.77827954,1.0
Cc1cscn1,0.12891659,0.0
CC(=O)c1nccs1,0.44611305,0.0
ClCc1cnc(Cl)s1,0.607368,1.0
Nc1ncc([N+](=O)[O-])s1,0.7435264,1.0
Nc1ncc([N+]([O-])O)s1,0.84167856,1.0
CCNC(=O)Nc1ncc([N+](=O)[O-])s1,0.75691724,1.0
CC1=CCc2c1cc(C)c1c2ccc2ccccc21,0.9073787,1.0
COc1ccc2c(ccc3c4c(ccc32)C(C)=CC4)c1,0.87565565,1.0
C[C@]12CCC(=O)C=C1C1C[C@@H]1[C@H]1[C@@H]3[C@@H]4C[C@@H]4[C@@]4(CCC(=O)O4)[C@@]3(C)CC[C@@H]12,0.34543636,0.0
CC12CCC(=O)C=C1C1CC1C1C2CCC2(C)C1C1CC1C21CCC(=O)O1,0.34543625,0.0
c1ccc(CSSCc2ccccc2)cc1,0.48408908,1.0
O=[N+]([O-])c1cccc(CO/N=C/c2nc3cc([N+](=O)[O-])ccc3n2Cc2ccc(Cl)cc2)c1,0.7243787,0.0
O=[N+]([O-])c1ccc2c(c1)nc(C=NOCc1ccccc1[N+](=O)[O-])n2Cc1ccccc1,0.6598825,1.0
O=[N+]([O-])c1ccc2c(c1)nc(/C=N/OCc1ccccc1[N+](=O)[O-])n2Cc1ccc(Cl)cc1Cl,0.61054426,1.0
O=[N+]([O-])c1cccc(CON=Cc2nc3cc([N+](=O)[O-])ccc3n2Cc2ccc(Cl)cc2)c1,0.79585814,0.0
O=[N+]([O-])c1ccc2c(c1)nc(/C=N/OCc1ccccc1[N+](=O)[O-])n2Cc1ccccc1,0.58154523,1.0
O=[N+]([O-])c1cccc(CO/N=C/c2nc3cc([N+](=O)[O-])ccc3n2Cc2ccc(F)cc2)c1,0.8690091,0.0
O=[N+]([O-])c1ccc2c(c1)nc(C=NOCc1ccccc1[N+](=O)[O-])n2Cc1ccc(Cl)cc1Cl,0.69341826,1.0
O=[N+]([O-])c1cccc(CON=Cc2nc3cc([N+](=O)[O-])ccc3n2Cc2ccc(F)cc2)c1,0.910665,0.0
CC1CN(N=O)CC(C)N1C(=O)c1ccccc1,0.2887588,0.0
O=C(C=Cc1ccccc1)c1ccc(F)cc1,0.29532415,0.0
O=C(/C=C/c1ccccc1)c1ccc([N+](=O)[O-])cc1,0.56811035,1.0
O=C(/C=C/c1ccc([N+](=O)[O-])cc1)c1ccccc1,0.59167635,1.0
CN(C)c1ccc(/C=C/C(=O)c2ccccc2)cc1,0.48853886,0.0
CC(=O)Nc1ccc(C=CC(=O)c2ccccc2)cc1,0.41551337,1.0
O=C(C=Cc1ccccc1)c1ccc([N+](=O)[O-])cc1,0.48693225,1.0
CC(=O)Nc1ccc(C(=O)C=Cc2ccccc2)cc1,0.41551343,0.0
O=C(C=Cc1ccccc1)c1ccc(Br)cc1,0.23565306,0.0
O=C(C=Cc1ccc([N+](=O)[O-])cc1)c1ccccc1,0.48693225,1.0
O=C(/C=C/c1ccccc1)c1ccc(O)cc1,0.3503742,0.0
O=C(C=Cc1ccc(O)cc1)c1ccccc1,0.20062895,0.0
O=C(/C=C/c1cccc([N+](=O)[O-])c1)c1ccccc1,0.47902396,0.0
O=C(C=Cc1ccccc1[N+](=O)[O-])c1ccccc1,0.40933624,0.0
COc1ccc(/C=C/C(=O)c2ccccc2)cc1,0.44874576,0.0
O=C(C=Cc1cccc([N+](=O)[O-])c1)c1ccccc1,0.39980394,0.0
O=C(/C=C/c1ccccc1[N+](=O)[O-])c1ccccc1,0.47541392,0.0
O=C(C=Cc1ccc([N+](=O)[O-])cc1)c1ccc([N+](=O)[O-])cc1,0.77086484,1.0
O=C(/C=C/c1ccc([N+](=O)[O-])cc1)c1ccc([N+](=O)[O-])cc1,0.7892808,1.0
CN(C)c1ccc(C=CC(=O)c2ccccc2)cc1,0.25601387,0.0
O=C(C=Cc1ccc(Br)cc1)c1ccccc1,0.23565312,0.0
O=C(/C=C/c1ccc(Br)cc1)c1ccccc1,0.35519466,0.0
O=C(/C=C/c1ccccc1)c1ccc(Br)cc1,0.36477062,0.0
COc1ccc(C(=O)/C=C/c2ccccc2)cc1,0.42282563,0.0
COc1ccc(C(=O)C=Cc2ccccc2)cc1,0.30304918,0.0
O=C(C=Cc1ccccc1)c1ccccc1,0.2847484,0.0
O=C(C=Cc1ccc(F)cc1)c1ccccc1,0.29532418,0.0
CC(=O)Nc1ccc(C(=O)/C=C/c2ccccc2)cc1,0.55488247,0.0
O=C(/C=C/c1ccccc1)c1ccccc1,0.3608988,0.0
O=C(/C=C/c1ccccc1)c1ccc(F)cc1,0.31248882,0.0
COc1ccc(C=CC(=O)c2ccccc2)cc1,0.30304924,0.0
O=C(C=Cc1ccccc1)c1ccc(O)cc1,0.20062895,0.0
O=C(/C=C/c1ccc(F)cc1)c1ccccc1,0.33185762,0.0
CC1=CCC(C(C)(C)O)CC1,0.12513661,0.0
CC(C=CC1=C(C)CCCC1(C)C)=CC=CC(C)=CCO,0.2394878,1.0
C=C[C@@H]1CC=CCC1,0.15804519,0.0
COC(=O)/C(C)=C/C=C/C(C)=C/C=C/C=C(C)/C=C/C=C(C)/C=C/C1=C(C)CCCC1(C)C,0.59718907,0.0
CC(=O)OC/C=C(C)/C=C/C=C(C)/C=C/C1=C(C)CCCC1(C)C,0.37664357,0.0
C=CC1CC=CCC1,0.15804519,0.0
COC(=O)C(C)=CC=CC(C)=CC=CC=C(C)C=CC=C(C)C=CC1=C(C)CCCC1(C)C,0.5871259,0.0
CCCCCCCCCCCCCCCC(=O)OCC=C(C)C=CC=C(C)C=CC1=C(C)CCCC1(C)C,0.11332394,0.0
C1=CCCCC1,0.095276095,0.0
O=CC1=C(Cl)C(C=O)CCC1,0.21984361,1.0
CC1=C(/C=C/C(C)=C/C=C/C(C)=C/CO)C(C)(C)CCC1,0.3493133,1.0
CC1=C(/C=C/C(C)=C/C=C/C(C)=C/C=O)C(C)(C)CCC1,0.47656068,1.0
CC(C=O)=CC=CC(C)=CC=CC=C(C)C=CC=C(C)C=CC1=C(C)CCCC1(C)C,0.58608353,0.0
C=C(C)C1CC=C(C)C(OC(C)=O)C1,0.23360305,0.0
C=C(C)[C@@H]1CC=C(C)CC1,0.09247488,0.0
CC1=C(/C=C\C(C)=C\C=C/C(C)=C\CO)C(C)(C)CCC1,0.3912116,1.0
O=C(O)C1=C[C@@H](O)[C@H](O)[C@@H](O)C1,0.25254864,0.0
CC1=C(/C=C/C(C)=C/C=C/C(C)=C/C=C/C=C(C)/C=C/C=C(\C)C=O)C(C)(C)CCC1,0.6075867,0.0
C=C(C)[C@H]1CC=C(C)[C@@H](OC(C)=O)C1,0.23360305,0.0
CC1=CC[C@H](C(C)(C)O)CC1,0.12513661,0.0
CC1=C(/C=C\C(C)=C/C=C\C(C)=C/C=O)C(C)(C)CCC1,0.53863364,1.0
CCC(=O)C=CC1=C(C)CCCC1(C)C,0.11837855,0.0
C=C(C)C1CC=C(C=O)CC1,0.13676527,0.0
C=C(C)[C@H]1CC=C(C)CC1,0.09247488,0.0
CC(=O)C=CC1=C(C)CCCC1(C)C,0.10299125,0.0
O=C(O)C1=CC(O)C(O)C(O)C1,0.25254864,0.0
CCCCCCCCCCCCCCCC(=O)OC/C=C(C)/C=C/C=C(C)/C=C/C1=C(C)CCCC1(C)C,0.10896556,0.0
CC(=O)OCC=C(C)C=CC=C(C)C=CC1=C(C)CCCC1(C)C,0.31177875,0.0
CC1=C(/C=C\C(C)=C\C=C/C(C)=C\C=O)C(C)(C)CCC1,0.5415398,1.0
CC1=C(/C=C/C(C)=C/C=C/C(C)=C\C=O)C(C)(C)CCC1,0.5052501,1.0
C=C(C)C1CC=C(C)C(O)C1,0.14832792,0.0
C=C(C)C1CC=C(C)CC1,0.09247488,0.0
CC1=C(/C=C\C(C)=C/C=C\C(C)=C/CO)C(C)(C)CCC1,0.37487292,1.0
C=C(C)[C@@H]1CC=C(C)[C@@H](O)C1,0.14832792,0.0
O=C1C=CC(=O)C(Cl)=C1,0.41120374,0.0
CCOC1=CC(=O)C(NC(C)=O)=CC1=O,0.43875387,1.0
CC1=CC(=O)C=CC1=O,0.27175432,0.0
CC1=CC(=O)C=C(C)C1=O,0.33858153,0.0
COC1=C(OC)C(=O)C(C)=CC1=O,0.4872755,0.0
CC(C)(C)C1=CC(=O)C=CC1=O,0.08472542,1.0
COC1=CC(=O)C=CC1=O,0.47013766,0.0
N#CC1=C(C#N)C(=O)C(Cl)=C(Cl)C1=O,0.569909,0.0
O=C1C=CC(=O)C=C1,0.4462793,0.0
O=C1C(Cl)=C(Cl)C(=O)C(Cl)=C1Cl,0.37975514,1.0
CCN(CC)CCNc1ccc(CO)c2sc3ccccc3c(=O)c12,0.3117482,1.0
CCN(CC)CCNc1ccc(COS(C)(=O)=O)c2sc3ccccc3c(=O)c12,0.4447121,1.0
CCN(CC)CCNc1ccc(C)c2sc3ccccc3c(=O)c12,0.2677263,1.0
CN(C)CCNC(=O)c1cccc2c(=O)c3ccccc3sc12,0.2902595,1.0
CC[N+]([O-])(CC)CCNc1ccc(CO)c2sc3ccccc3c(=O)c12,0.40842277,1.0
OCC1=CCN2CC[C@@H](O)[C@@H]12,0.41198906,0.0
C/C=C(/C)C(=O)O[C@H]1CCN2CC=C(COC(=O)[C@@](O)([C@H](C)OC)C(C)(C)O)[C@H]12,0.47759932,1.0
C/C=C(/C)C(=O)O[C@H]1CCN2CC=C(COC(=O)[C@](O)([C@H](C)OC)C(C)(C)O)[C@H]12,0.47759932,1.0
OCC1=CCN2CCC(O)C12,0.41198906,0.0
C/C=C(\C)C(=O)OC1CCN2CC=C(CO)C12,0.57464296,0.0
CC(C)C(O)(C(=O)OCC1=CCN2CCC(O)C12)C(C)O,0.4557655,0.0
CC=C(C)C(=O)OC1CCN2CC=C(CO)C12,0.36676988,0.0
CC=C(C)C(=O)OC1CCN2CC=C(COC(=O)C(O)(C(C)OC)C(C)(C)O)C12,0.4031477,1.0
O=c1c(-c2ccc(O)cc2)coc2cc(O)ccc12,0.22212683,0.0
O=c1c(-c2ccc(O)cc2)coc2cc(O)cc(O)c12,0.20800166,1.0
CC(C)Oc1ccc2c(=O)c(-c3ccccc3)coc2c1,0.23208609,0.0
COc1ccc(-c2coc3cc(O)cc(O)c3c2=O)cc1,0.26599243,0.0
OC1C=Cc2ncccc2C1O,0.19745222,0.0
CC(C)(C)OOC1(C)C=C(C(C)(C)C)C(=O)C(C(C)(C)C)=C1,0.09324478,0.0
CC(=O)ON(OCc1ccc(-c2ccccc2)cc1)C(=O)c1ccccc1,0.39576426,1.0
CC(=O)Nc1ccc(C)c(N=[N+]([O-])c2cc(NC(C)=O)ccc2C)c1,0.48728174,0.0
Cc1c(N)cccc1N=[N+]([O-])c1cccc(N)c1C,0.5830856,1.0
Cc1ccc(N=[N+]([O-])c2ccc(C)c([N+](=O)[O-])c2)cc1[N+](=O)[O-],0.8120853,0.0
[O-][N+](=Nc1ccc(Cl)c(Cl)c1)c1ccc(Cl)c(Cl)c1,0.30705792,0.0
Cc1ccc(N=[N+]([O-])c2ccc(C)c(N)c2)cc1N,0.78003174,1.0
Cc1c(N=[N+]([O-])c2cc([N+](=O)[O-])c(C)c([N+](=O)[O-])c2)cc([N+](=O)[O-])cc1[N+](=O)[O-],0.90413404,1.0
Cc1c(N=[N+]([O-])c2cccc([N+](=O)[O-])c2C)cccc1[N+](=O)[O-],0.5980932,0.0
CC(=O)Nc1cccc(N=[N+]([O-])c2cccc(NC(C)=O)c2C)c1C,0.3745472,0.0
Cc1ccc(N)cc1N=[N+]([O-])c1cc(N)ccc1C,0.83047086,1.0
[O-][N+](=Nc1ccccc1)c1ccccc1,0.38021374,1.0
COc1ccc(N=[N+]([O-])c2ccc(OC)cc2)cc1,0.773281,1.0
Cc1ccc([N+](=O)[O-])cc1N=[N+]([O-])c1cc([N+](=O)[O-])ccc1C,0.8837822,0.0
Cc1c(N=[N+]([O-])c2cc([N+](=O)[O-])cc([N+](=O)[O-])c2C)cc([N+](=O)[O-])cc1[N+](=O)[O-],0.90958464,1.0
CC(=O)Nc1cc(N=[N+]([O-])c2ccc(C)c(NC(C)=O)c2)ccc1C,0.5021766,0.0
Cc1c([N+](=O)[O-])cc(N=[N+]([O-])c2cc([N+](=O)[O-])c(C)c([N+](=O)[O-])c2)cc1[N+](=O)[O-],0.886928,1.0
CCOc1ccc(N=[N+]([O-])c2ccc(OCC)cc2)cc1,0.80420804,0.0
c1scc2c1-c1cscc1C1OC21,0.33266467,1.0
c1ccc2c(c1)COC2,0.5044196,1.0
COC(=O)c1cc2c([nH]c3ccccc32)c(-c2ccc3c(n2)C(=O)C=CC3=O)n1,0.8884772,1.0
S=P(N1CC1)(N1CC1)N1CC1,0.5767664,1.0
N#CCCN(CCc1ccccc1)c1ccc(N=Nc2ccc([N+](=O)[O-])cc2Cl)cc1,0.6354601,1.0
C1=Cc2c(ccc3ccc4ccccc4c23)C1,0.8717832,1.0
ON=c1[nH]cnc2c1ncn2Cc1ccccc1,0.5983139,1.0
C1=C2c3ccccc3CCC2CCC1,0.11701152,1.0
C1CCC2OCCOCCOC3CCCCC3OCCOCCOCCOC2C1,0.607123,0.0
O=C1CCCCCCCCCCCCCCO1,0.22259232,0.0
CC1(C)CC2C=C(C=O)C3(C=O)CC3(C)C2C1,0.40505254,1.0
CC1(C)CC2C(O)(C=C(C=O)C3(C=O)CC23C)C1,0.44586644,1.0
CC1(C)C[C@H]2C=C(CO)[C@@]3(C=O)C[C@@]3(C)[C@@H]2C1,0.43088973,1.0
CC1(C)C[C@H]2[C@](O)(C=C(C=O)[C@]3(C=O)C[C@]23C)C1,0.44586644,1.0
COC(=O)C12CC1(C=O)C(C=O)=CC1CC(C)(C)CC12,0.5723213,1.0
COC(=O)C12C[C@@]1(C=O)C(C=O)=C[C@@H]1CC(C)(C)C[C@@H]12,0.5723213,1.0
CC1(C)C[C@H]2C=C(CO)[C@]3(C=O)C[C@]3(C)[C@H]2C1,0.43088973,1.0
CC1(C)C[C@H]2C=C(CO)[C@]3(C=O)C[C@]3(C)[C@@H]2C1,0.43088973,1.0
CC1(C)CC2C=C(CO)C3(C=O)CC3(C)C2C1,0.43088973,1.0
COc1c(C(=O)O)c(=O)[nH]c2ccccc12,0.39244187,0.0
O=c1ccc2ccccc2[nH]1,0.47946477,0.0
CC1(Cn2ccnn2)C(C(=O)O)N2C(=O)CC2S1(=O)=O,0.6431925,0.0
C[C@]1(Cn2ccnn2)C(C(=O)O)N2C(=O)C[C@H]2S1(=O)=O,0.6431925,0.0
CN(C)CCC(c1ccccc1)c1ccccn1,0.13136698,0.0
CN(C)CCO[C@@](C)(c1ccccc1)c1ccccn1,0.115748495,0.0
CN(C)CCC(c1ccc(Cl)cc1)c1ccccn1,0.10741338,0.0
CN(C)CCOC(C)(c1ccccc1)c1ccccn1,0.115748495,0.0
CN(C)CCO[C@](C)(c1ccccc1)c1ccccn1,0.115748495,0.0
COc1ccc2c(c1)c(CC(=O)O)c(C)n2C(=O)c1ccc(Cl)cc1,0.23961224,0.0
CCN(CC)Cc1cc(Nc2ccnc3cc(Cl)ccc23)ccc1O,0.31426182,0.0
CC(C)(C)NC(=O)C1CCC2C3C=CC4=CC(C(=O)O)CCC4(C)C3CCC12C,0.18156472,0.0
CC(C)(C)NC(=O)C1CC[C@H]2[C@@H]3C=CC4=CC(C(=O)O)CC[C@]4(C)[C@H]3CC[C@]12C,0.18156472,0.0
C=CCC1=C(C)C(OC(=O)C2C(C=C(C)C)C2(C)C)CC1=O,0.19426651,1.0
C=CCC1=C(C)[C@H](OC(=O)C2[C@H](C=C(C)C)C2(C)C)CC1=O,0.19426651,1.0
COc1cccc2c1cc1c3c(cc4c(c32)OCO4)C(=O)N1,0.7709457,1.0
O=C1Nc2cc3ccccc3c3c4c(cc1c23)OCO4,0.75623465,1.0
O=c1oc2cc(-n3nc4ccc5ccccc5c4n3)ccc2cc1-c1ccccc1,0.60977733,0.0
O=C1c2ccccc2Cc2ccccc21,0.53040874,1.0
O=C1c2ccccc2C([N+](=O)[O-])c2ccccc21,0.29409403,0.0
Clc1ccc(CSc2ccc(Cl)cc2)cc1,0.08900735,0.0
S=C(Nc1ccccc1)Nc1ccccc1,0.31321743,0.0
Cn1c2ccccc2c(=[N+])c2ccccc21,0.7847975,1.0
c1cc2c3c(c1)cc1ccc4cccc5cc(c3c1c45)CC2,0.8325917,1.0
CC1=CC(=O)CC(C)(C)C1,0.09783217,0.0
CC1=CC(=O)CC(C)(C)C1(O)/C=C/C(C)=C\C(=O)O,0.19345206,0.0
O=C1C=CCCC1,0.08974923,0.0
c1ccc2c(c1)ccc1c3ccncc3ccc21,0.88616127,1.0
O=C1c2ccccc2C(=O)C1c1ccc2ccccc2n1,0.71843314,1.0
c1ccc2c(c1)CCC1CCCC3OC213,0.13365231,0.0
O=C1c2ccccc2-c2ccc3ccc4ccccc4c3c21,0.8618605,0.0
CC(C)C1C(=O)N2CCC[C@H]2[C@]2(O)O[C@](NC(=O)C3C[C@@H]4c5cccc6[nH]cc(c56)C[C@H]4N(C)C3)(C(C)C)C(=O)N12,0.44062212,0.0
CC(=O)Nc1cc2c(cc1OC(=O)c1ccccc1)-c1ccccc1C2,0.73392326,0.0
CC(C)=CCOc1c2occc2cc2ccc(=O)oc12,0.30983204,1.0
O=c1ccc2cc3ccoc3cc2o1,0.5715929,0.0
COc1c2ccoc2cc2oc(=O)ccc12,0.49274442,1.0
COc1c2occc2cc2ccc(=O)oc12,0.75981206,1.0
COc1c2ccoc2c(OC)c2oc(=O)ccc12,0.68703806,0.0
OC1=c2c(O)cc3cccc4ccc(c2c43)C23CCCCC12O3,0.38553473,1.0
OC1C2=c3c(cc4cccc5ccc(c3c54)C1O)-c1ccccc12,0.88479996,0.0
CON=C(C(=O)NC1C(=O)N2C(C(=O)OCOC(=O)C(C)(C)C)=C(Cn3nnc(C)n3)CSC12)c1csc(N)n1,0.4725214,1.0
c1cnc2ccc3c(c2c1)C1OC1CC3,0.7022853,1.0
OC1c2ccc3ncccc3c2C2OC2C1O,0.46543038,0.0
O=[N+]([O-])c1cccc2nc3cccc([N+](=O)[O-])c3nc12,0.8964214,1.0
O=[N+]([O-])c1ccc2nc3ccccc3nc2c1,0.84614944,1.0
Nc1cccc2nc3ccccc3nc12,0.6192946,1.0
Cc1cc2nc3ccc(N(C)C)cc3nc2cc1N,0.742196,1.0
O=[N+]([O-])c1ccc2nc3c([N+](=O)[O-])cccc3nc2c1,0.9249013,1.0
Nc1cc2nc3ccc(Cl)cc3nc2cc1N,0.7146169,1.0
Nc1ccc2nc3ccccc3nc2c1,0.7862088,1.0
O=[N+]([O-])c1ccc2nc3cc([N+](=O)[O-])ccc3nc2c1,0.91323364,1.0
Nc1ccc2nc3ccccc3nc2c1N,0.6580942,1.0
O=[N+]([O-])c1ccc2nc3ccc([N+](=O)[O-])cc3nc2c1,0.91323364,1.0
COc1cc2nc3cc(N)ccc3nc2cc1N,0.7466617,1.0
Nc1ccc2nc3ccc(N)cc3nc2c1,0.76578045,1.0
Cc1cc2nc3ccc(C)c(N)c3nc2cc1N,0.7377933,1.0
O=[N+]([O-])c1cccc2nc3c([N+](=O)[O-])cccc3nc12,0.8964214,0.0
Nc1ccc2nc3cc(N)ccc3nc2c1,0.76578045,1.0
COc1cc2nc3cc(N)c(OC)cc3nc2cc1N,0.6565311,1.0
Nc1cccc2nc3cccc(N)c3nc12,0.6549291,0.0
Nc1cc2nc3ccccc3nc2cc1N,0.71538347,1.0
Nc1cc2nc3ccccc3nc2cc1O,0.63338053,1.0
Nc1ccc2nc3c(N)cccc3nc2c1,0.75543886,1.0
Nc1cccc2nc3c(N)cccc3nc12,0.654929,1.0
O=[N+]([O-])c1cccc2nc3ccccc3nc12,0.7717583,1.0
CN(C)CCNC(=O)c1cccc2nc3ccccc3nc12,0.42794225,1.0
C=C(C)[C@H]1C=CC(C)C(=O)C1,0.12182432,0.0
CC(C)=CCC[C@](C)(O)C1CC=CCC1=O,0.18763877,1.0
CC(C)=CCCC(C)(O)C1CC=CCC1=O,0.18763877,1.0
C=C(C)[C@@H]1C=CC(C)C(=O)C1,0.12182432,0.0
C=C(C)C1C=CC(C)C(=O)C1,0.12182432,0.0
CC(C)=CCC[C@@](C)(O)C1CC=CCC1=O,0.18763877,1.0
c1ccc2c(c1)ccc1c3c(ccc12)CCC3,0.80015635,0.0
Cc1cc2c(c3ccc4ccccc4c13)CC[C@H]2C,0.87189156,1.0
Cc1cc2c(ccc3ccccc32)c2c1C(C)CC2,0.89768505,1.0
Cc1c2c(c3ccc4ccccc4c3c1C)CCC2C,0.79962564,1.0
COc1cc2c(c3ccc4ccccc4c13)CCC2C,0.86224264,1.0
Cc1cc2c(c3ccc4ccccc4c13)CCC2C,0.87189156,1.0
C[C@@H]1CCc2c1ccc1c2ccc2ccccc21,0.91083163,1.0
Cc1cc2c(c3ccc4ccccc4c13)CCC2,0.76593745,0.0
CC1CCc2c1ccc1c2ccc2ccccc21,0.91083163,1.0
O=S(=O)(O)c1ccc(N=NNc2ccc(S(=O)(=O)O)cc2)cc1,0.27492675,0.0
c1ccc(N=NNc2ccccc2)cc1,0.29918247,1.0
COC(=O)CC1C2(C)C3=C(C)C(c4ccoc4)CC3OC2C2OC(=O)C3(C)C=CC(=O)C1(C)C23,0.33217376,0.0
COC(=O)C[C@H]1[C@]2(C)C3=C(C)[C@H](c4ccoc4)CC3O[C@@H]2[C@@H]2OC(=O)[C@]3(C)C=CC(=O)[C@@]1(C)C23,0.33217376,0.0
[O-][N+](O)c1ccc(N2CC2)c2c1no[n+]2[O-],0.7324745,1.0
C1=Cc2c3ccccc3cc3cccc1c23,0.8324221,1.0
CC1(C)CC2=C(C=O)[C@@]3(C=O)C[C@@]3(C)[C@@H](O)[C@@H]2C1,0.23800537,1.0
CC(=O)O[C@H]1[C@@]2(O)CC(C)(C)CC2=C(C=O)[C@@]2(C=O)C[C@@]12C,0.28736624,1.0
CC1(C)CC2=C(C=O)C3(C=O)CC3(C)C(O)C2(O)C1,0.22479475,1.0
CC(=O)OC1C2(O)CC(C)(C)CC2=C(C=O)C2(C=O)CC12C,0.28736624,1.0
CC(=O)O[C@H]1[C@]2(O)CC(C)(C)CC2=C(C=O)[C@]2(C=O)C[C@]12C,0.28736624,1.0
CC(=O)OC1C2CC(C)(C)CC2=C(C=O)C2(C=O)CC12C,0.250548,0.0
c1ccc2c(c1)-c1ccccc1C1C2N1C1CCCCC1,0.6704596,1.0
O=C1C=c2c(c(O)c3c(O)c4c(cc3c2O)OC2OC=CC=42)C(=O)C1,0.31871268,1.0
O=C1C=c2c(c(O)c3c(O)c4c(cc3c2O)O[C@H]2OC=CC=42)C(=O)C1,0.31871268,1.0
