[random]
  > BBBP: 0.8970450699999999
  	[0.91667627, 0.90889673, 0.88138158, 0.89524212, 0.88302865]
  		[0.923445, 0.921688, 0.905328, 0.915265, 0.917656]
  		[0.904727, 0.907322, 0.908981, 0.915377, 0.908076]
  		[0.858799, 0.889967, 0.886239, 0.879304, 0.892599]
  		[0.891554, 0.89513, 0.896875, 0.906391, 0.886261]
  		[0.887887, 0.878292, 0.87865, 0.894505, 0.87581]
  > HLM_metabolic_stability: 0.8612241920000001
  	[0.83747865, 0.86915191, 0.86331609, 0.87835766, 0.85781665]
  		[0.832655, 0.836273, 0.854474, 0.832605, 0.831386]
  		[0.87018, 0.871019, 0.863426, 0.876246, 0.864889]
  		[0.865562, 0.86395, 0.855819, 0.860263, 0.870986]
  		[0.870572, 0.87927, 0.874815, 0.882138, 0.884994]
  		[0.866916, 0.854909, 0.856268, 0.851635, 0.859356]
  > Mutagenicity: 0.9110837179999999
  	[0.91134947, 0.91145608, 0.90448148, 0.91323585, 0.91489571]
  		[0.912628, 0.906388, 0.915482, 0.911001, 0.911248]
  		[0.907704, 0.91262, 0.909571, 0.917794, 0.909592]
  		[0.898881, 0.905116, 0.903894, 0.90682, 0.907696]
  		[0.910009, 0.916006, 0.907748, 0.910751, 0.921665]
  		[0.917791, 0.908229, 0.919445, 0.906998, 0.922015]
  > hERG: 0.8607384220000001
  	[0.84839793, 0.8618982, 0.8547065, 0.87573017, 0.86295931]
  		[0.849846, 0.842499, 0.854268, 0.843477, 0.8519]
  		[0.855607, 0.859959, 0.869764, 0.866031, 0.85813]
  		[0.857293, 0.854141, 0.852811, 0.859175, 0.850112]
  		[0.876943, 0.872297, 0.875214, 0.872327, 0.88187]
  		[0.869494, 0.859301, 0.861489, 0.862993, 0.861519]
  > oral_bioavailability: 0.7472961
  	[0.717244, 0.7232549, 0.77498093, 0.76480836, 0.75619231]
  		[0.710506, 0.657214, 0.730872, 0.742672, 0.744956]
  		[0.73098, 0.718627, 0.740392, 0.72098, 0.705294]
  		[0.803776, 0.805111, 0.790809, 0.727879, 0.74733]
  		[0.770616, 0.798297, 0.751645, 0.729772, 0.773713]
  		[0.769615, 0.765962, 0.750769, 0.757692, 0.736923]
  > Caco2: 0.723982132
  	[0.78170919, 0.69466416, 0.69577186, 0.75663934, 0.69112611]
  		[0.781081, 0.790006, 0.771935, 0.787371, 0.778154]
  		[0.667211, 0.691821, 0.656998, 0.750669, 0.706621]
  		[0.692675, 0.721548, 0.714611, 0.648868, 0.701157]
  		[0.781302, 0.740893, 0.737322, 0.749925, 0.773755]
  		[0.697401, 0.719154, 0.642281, 0.671424, 0.725371]
  > HalfLife: 0.232528254
  	[0.34967971, 0.04480089, 0.2689391, 0.26066467, 0.2385569]
  		[0.31074, 0.314712, 0.375169, 0.368653, 0.379126]
  		[-0.024629, 0.046275, 0.081794, 0.136935, -0.01637]
  		[0.285072, 0.297097, 0.283131, 0.246363, 0.233032]
  		[0.2178, 0.24341, 0.313038, 0.230456, 0.29862]
  		[0.258303, 0.256565, 0.212115, 0.169356, 0.296446]
  > VDss: 0.47232769399999996
  	[0.44645692, 0.41488268, 0.50517491, 0.58270484, 0.41241912]
  		[0.413829, 0.453295, 0.501319, 0.418126, 0.445716]
  		[0.392291, 0.414265, 0.413944, 0.437055, 0.416859]
  		[0.484785, 0.485559, 0.522629, 0.482802, 0.550099]
  		[0.522054, 0.617102, 0.618631, 0.550616, 0.605121]
  		[0.388589, 0.347653, 0.417267, 0.418711, 0.489876]
[scaffold]
  > BBBP: 0.8978581520000001
  	[0.85707563, 0.92625577, 0.92928338, 0.91726914, 0.85940684]
  		[0.795154, 0.881625, 0.872717, 0.863417, 0.872465]
  		[0.915166, 0.920656, 0.927233, 0.93734, 0.930884]
  		[0.934407, 0.915324, 0.936683, 0.932423, 0.927579]
  		[0.917335, 0.916343, 0.905534, 0.92012, 0.927014]
  		[0.85994, 0.863431, 0.843082, 0.857982, 0.872598]
  > HLM_metabolic_stability: 0.8090051839999999
  	[0.81926598, 0.79846039, 0.82994726, 0.78570821, 0.81164408]
  		[0.831768, 0.821821, 0.82007, 0.808468, 0.814203]
  		[0.796576, 0.810275, 0.788637, 0.802269, 0.794545]
  		[0.8334, 0.835012, 0.828332, 0.835788, 0.817203]
  		[0.778053, 0.783721, 0.810923, 0.786587, 0.769257]
  		[0.8166, 0.819231, 0.81796, 0.791423, 0.813007]
  > Mutagenicity: 0.8549882440000001
  	[0.85413138, 0.87139889, 0.83889475, 0.84211525, 0.86840095]
  		[0.863365, 0.860057, 0.839327, 0.856966, 0.850942]
  		[0.876045, 0.872957, 0.871361, 0.869323, 0.867309]
  		[0.847937, 0.839772, 0.831086, 0.84292, 0.832758]
  		[0.834424, 0.846184, 0.846751, 0.845168, 0.83805]
  		[0.8786, 0.861351, 0.863498, 0.866788, 0.871767]
  > hERG: 0.819629458
  	[0.81524753, 0.80697902, 0.80537785, 0.82546188, 0.84508101]
  		[0.827752, 0.807516, 0.823162, 0.812428, 0.80538]
  		[0.824986, 0.798405, 0.811141, 0.803062, 0.797301]
  		[0.806037, 0.813364, 0.811096, 0.780395, 0.815998]
  		[0.844269, 0.819038, 0.823098, 0.819905, 0.820999]
  		[0.85094, 0.838939, 0.844123, 0.84515, 0.846254]
  > oral_bioavailability: 0.739945418
  	[0.68668189, 0.66486486, 0.81592157, 0.75324074, 0.77901803]
  		[0.700913, 0.674467, 0.677131, 0.680556, 0.700342]
  		[0.671679, 0.663685, 0.635896, 0.698896, 0.654168]
  		[0.803333, 0.816275, 0.801176, 0.828039, 0.830784]
  		[0.7799, 0.744406, 0.752122, 0.723573, 0.766204]
  		[0.767165, 0.774262, 0.78481, 0.788454, 0.780399]
  > Caco2: 0.612082416
  	[0.62053446, 0.60016972, 0.69449519, 0.66906645, 0.47614626]
  		[0.605271, 0.667161, 0.638502, 0.593513, 0.598226]
  		[0.569132, 0.643348, 0.583357, 0.584333, 0.620679]
  		[0.70224, 0.701155, 0.683065, 0.692938, 0.693078]
  		[0.618013, 0.694807, 0.658216, 0.672784, 0.701512]
  		[0.473671, 0.473708, 0.459765, 0.474003, 0.499584]
  > HalfLife: 0.15628492600000002
  	[0.28896796, 0.00423301, 0.19060267, 0.16371411, 0.13390688]
  		[0.275322, 0.33832, 0.168892, 0.301882, 0.360424]
  		[-0.106316, 0.080444, -0.050119, 0.070299, 0.026858]
  		[0.215547, 0.13286, 0.185428, 0.176023, 0.243155]
  		[0.194108, 0.178168, 0.178391, 0.072342, 0.195561]
  		[0.189425, 0.096, 0.158307, 0.130753, 0.095049]
  > VDss: 0.48915106999999997
  	[0.58326392, 0.60274197, 0.36650082, 0.5455994, 0.34764924]
  		[0.563841, 0.624999, 0.625962, 0.56762, 0.533898]
  		[0.557948, 0.6555, 0.651127, 0.603425, 0.545709]
  		[0.321343, 0.324318, 0.3599, 0.429928, 0.397016]
  		[0.513748, 0.516728, 0.574305, 0.58856, 0.534655]
  		[0.300893, 0.289146, 0.316899, 0.414009, 0.4173]
[Perimeter]
  > BBBP: 0.889959044
  	[0.76277484, 0.91257988, 0.89919369, 0.93193356, 0.94331325]
  		[0.716755, 0.76261, 0.743445, 0.773192, 0.817872]
  		[0.893448, 0.907653, 0.904689, 0.936446, 0.920664]
  		[0.888043, 0.881215, 0.909882, 0.905044, 0.911786]
  		[0.919448, 0.927417, 0.939474, 0.944625, 0.928705]
  		[0.953012, 0.945515, 0.936212, 0.939893, 0.941934]
  > HLM_metabolic_stability: 0.709466818
  	[0.7074582, 0.72650617, 0.76329749, 0.7211906, 0.62888163]
  		[0.68212, 0.722982, 0.71404, 0.702878, 0.715271]
  		[0.728022, 0.669402, 0.701947, 0.773195, 0.759965]
  		[0.761373, 0.765955, 0.754901, 0.753332, 0.780926]
  		[0.746323, 0.69398, 0.774422, 0.692723, 0.698506]
  		[0.622946, 0.673366, 0.589075, 0.619561, 0.63946]
  > Mutagenicity: 0.87194894
  	[0.88686058, 0.87073062, 0.87680991, 0.84894621, 0.87639738]
  		[0.898061, 0.891668, 0.88075, 0.877216, 0.886608]
  		[0.879944, 0.867423, 0.858588, 0.878796, 0.868902]
  		[0.868143, 0.876694, 0.878335, 0.890381, 0.870496]
  		[0.845392, 0.857872, 0.844853, 0.845675, 0.850938]
  		[0.887187, 0.870012, 0.878088, 0.877427, 0.869273]
  > hERG: 0.750147058
  	[0.82405756, 0.75876057, 0.74317814, 0.73893237, 0.68580665]
  		[0.827997, 0.831465, 0.805841, 0.84761, 0.807374]
  		[0.770957, 0.75804, 0.727033, 0.71489, 0.822883]
  		[0.729415, 0.765743, 0.689014, 0.703325, 0.828395]
  		[0.759101, 0.726581, 0.73576, 0.759913, 0.713308]
  		[0.677111, 0.716482, 0.753748, 0.636929, 0.644763]
  > oral_bioavailability: 0.720990724
  	[0.71055901, 0.75303658, 0.67066579, 0.73400554, 0.7366867]
  		[0.724767, 0.722955, 0.669384, 0.690994, 0.744695]
  		[0.716356, 0.739993, 0.751725, 0.783126, 0.773982]
  		[0.635135, 0.72116, 0.6882, 0.649308, 0.659525]
  		[0.703047, 0.74072, 0.744044, 0.768532, 0.713684]
  		[0.750065, 0.707865, 0.756206, 0.732558, 0.736739]
  > Caco2: 0.5233314960000001
  	[0.35379438, 0.71101444, 0.31631081, 0.59732863, 0.63820922]
  		[0.37289, 0.37876, 0.331723, 0.252581, 0.433018]
  		[0.704508, 0.715375, 0.697072, 0.724469, 0.713649]
  		[0.302686, 0.34574, 0.309961, 0.135866, 0.487301]
  		[0.657924, 0.464425, 0.626475, 0.600564, 0.637255]
  		[0.576356, 0.683342, 0.650587, 0.629109, 0.651653]
  > HalfLife: 0.140828646
  	[0.02437092, 0.22402231, 0.1424823, 0.16406913, 0.14919857]
  		[0.009668, -0.065991, 0.169174, 0.019806, -0.010801]
  		[0.223373, 0.257252, 0.167723, 0.314415, 0.157348]
  		[0.193909, 0.168441, 0.064231, 0.200997, 0.084834]
  		[0.129984, 0.12644, 0.20472, 0.155001, 0.204199]
  		[0.160088, 0.147355, 0.125701, 0.183431, 0.129418]
  > VDss: 0.47445685200000004
  	[0.47153904, 0.56502632, 0.47508528, 0.42247219, 0.43816143]
  		[0.409774, 0.453783, 0.584656, 0.546561, 0.36292]
  		[0.610529, 0.480811, 0.629441, 0.633465, 0.470886]
  		[0.426723, 0.398252, 0.441415, 0.522627, 0.586409]
  		[0.486612, 0.526576, 0.489911, 0.387, 0.222262]
  		[0.476034, 0.398794, 0.443824, 0.363307, 0.508849]